COSMOS 1408             
1 13552U 82092A   23055.29742166  .00020049  00000+0  53286-3 0  9990
2 13552  82.5728  15.0221 0020876 287.4794  72.4169 15.37893243 71377
COSMOS 1408 DEB         
1 49524U 82092M   23055.37679443  .00037509  00000+0  78056-3 0  9995
2 49524  82.5131  12.1198 0021252 174.2984 185.8511 15.45200539 71309
COSMOS 1408 DEB         
1 49527U 82092Q   23055.48308526  .00021658  00000+0  25858-2 0  9990
2 49527  82.3909  82.0973 0487812 118.0362 247.1051 14.24745288 66030
COSMOS 1408 DEB         
1 49528U 82092R   23055.50763832  .00204374  00000+0  86773-2 0  9990
2 49528  82.9684  89.6660 0283778  48.6896 313.8376 14.92944799 67831
COSMOS 1408 DEB         
1 49529U 82092S   23055.68313091  .00042339  00000+0  28777-2 0  9999
2 49529  82.3562  37.8386 0205117 354.6888   5.2150 14.90579220 68961
COSMOS 1408 DEB         
1 49537U 82092AA  23055.43602882  .00016895  00000+0  97703-3 0  9994
2 49537  82.5643  38.1627 0151233 266.1677  92.2247 15.02893414 69665
COSMOS 1408 DEB         
1 49539U 82092AC  23055.47931000  .00016914  00000+0  21180-2 0  9994
2 49539  82.2020  75.4703 0503636 144.4121 219.1779 14.20250919 65563
COSMOS 1408 DEB         
1 49541U 82092AE  23055.71253462  .00141792  00000+0  33568-2 0  9999
2 49541  82.8033  45.0725 0059744 260.7243  98.7244 15.39379180 70293
COSMOS 1408 DEB         
1 49554U 82092AT  23055.53587129  .00259210  00000+0  75947-2 0  9995
2 49554  82.2109  18.5264 0096861 303.4150  55.7851 15.29690501 69524
COSMOS 1408 DEB         
1 49562U 82092BB  23055.69243315  .00082121  00000+0  19411-2 0  9996
2 49562  82.8040  38.5563 0069001 275.4250  83.9127 15.39005669 70709
COSMOS 1408 DEB         
1 49576U 82092BR  23055.29164788  .00345750  00000+0  18925-2 0  9992
2 49576  82.5855  11.7501 0026221 118.3731 242.0185 15.78432479 71480
COSMOS 1408 DEB         
1 49582U 82092BX  23055.48330540  .00466550  00000+0  79373-2 0  9997
2 49582  82.9239  59.4997 0070307 294.7888  64.6059 15.47155267 69793
COSMOS 1408 DEB         
1 49590U 82092CF  23055.39836050  .00041400  00000+0  15754-2 0  9999
2 49590  82.5593  28.2538 0085489 233.0623 126.2764 15.23145565 70251
COSMOS 1408 DEB         
1 49591U 82092CG  23055.41673149  .00086347  00000+0  38447-2 0  9994
2 49591  82.6000  42.8421 0138961 323.2004  35.9746 15.12780166 68543
COSMOS 1408 DEB         
1 49593U 82092CJ  23055.65869100  .00417781  00000+0  72347-2 0  9993
2 49593  82.4257  28.0243 0052599 308.5182  51.1357 15.47967509 69668
COSMOS 1408 DEB         
1 49595U 82092CL  23055.47289467  .00073407  00000+0  53305-2 0  9993
2 49595  82.4113  51.0403 0245372   9.1884 351.3695 14.82509884 68060
COSMOS 1408 DEB         
1 49602U 82092CT  23055.35965007  .00122713  00000+0  24954-2 0  9993
2 49602  82.6008  24.7512 0043101 202.3706 157.5664 15.44826501 70565
COSMOS 1408 DEB         
1 49604U 82092CV  23055.63998610  .00018355  00000+0  71621-3 0  9992
2 49604  82.5198  21.9548 0058812 240.7270 118.8081 15.24156902 70406
COSMOS 1408 DEB         
1 49606U 82092CX  23055.28456963  .00155537  00000+0  20776-2 0  9993
2 49606  82.5873  14.5350 0029983 127.3477 233.0517 15.56997775 71156
COSMOS 1408 DEB         
1 49607U 82092CY  23055.50174009  .00098696  00000+0  62574-2 0  9991
2 49607  82.8767  75.1978 0205833 348.8664  10.8033 14.92661830 68394
COSMOS 1408 DEB         
1 49609U 82092DA  23055.64928107  .00054911  00000+0  16403-2 0  9996
2 49609  82.5554  25.5291 0066155 218.6531 140.9967 15.32177896 70497
COSMOS 1408 DEB         
1 49612U 82092DD  23055.42782772  .00364782  00000+0  62362-2 0  9997
2 49612  82.9100  56.9879 0066973 287.9537  71.4420 15.47576187 69813
COSMOS 1408 DEB         
1 49619U 82092DL  23055.47424181  .00027802  00000+0  32353-2 0  9992
2 49619  81.9617  58.2567 0480562 146.8264 216.4059 14.26927097 65669
COSMOS 1408 DEB         
1 49621U 82092DN  23055.33345434  .00625602  00000+0  37043-2 0  9996
2 49621  82.5503  15.6646 0026029 154.4985 205.7571 15.75978496 70869
COSMOS 1408 DEB         
1 49622U 82092DP  23055.69321484  .00038623  00000+0  82558-3 0  9998
2 49622  82.5812  14.8673 0038553 126.4562 234.0250 15.43837501 70987
COSMOS 1408 DEB         
1 49624U 82092DR  23055.29348821  .00082387  00000+0  22576-2 0  9999
2 49624  82.2473   4.1018 0047454 247.2471 112.3754 15.35822060 70279
COSMOS 1408 DEB         
1 49628U 82092DV  23055.44605451  .00128116  00000+0  62636-2 0  9997
2 49628  82.9782  77.4536 0190178 348.7898  10.9116 15.03252911 68430
COSMOS 1408 DEB         
1 49631U 82092DY  23055.37808966  .01679213  00000+0  98727-2 0  9999
2 49631  82.5258  30.4457 0029480 225.7173 134.1673 15.74532243 69824
COSMOS 1408 DEB         
1 49642U 82092EK  23055.48322827  .00073210  00000+0  37392-2 0  9995
2 49642  83.0986  80.8475 0151101 302.3277  56.3394 15.06934383 68787
COSMOS 1408 DEB         
1 49653U 82092EW  23055.38191985  .00179902  00000+0  25594-2 0  9991
2 49653  82.5392  15.9726 0027789 179.8845 180.2421 15.55297744 70737
COSMOS 1408 DEB         
1 49657U 82092FA  23055.40738032  .00063433  00000+0  19979-2 0  9999
2 49657  82.5536  26.1247 0069217 221.5021 138.0953 15.30291600 70106
COSMOS 1408 DEB         
1 49658U 82092FB  23055.41555414  .00051621  00000+0  17895-2 0  9993
2 49658  82.5837  29.4310 0086203 224.3179 135.1138 15.26049271 69355
COSMOS 1408 DEB         
1 49662U 82092FF  23055.44688908  .00163354  00000+0  30818-2 0  9993
2 49662  82.7837  37.8984 0039840 227.8741 131.9122 15.47007209 70223
COSMOS 1408 DEB         
1 49663U 82092FG  23055.30476890  .00067620  00000+0  15176-2 0  9993
2 49663  82.5689  17.3117 0021368 185.0406 175.0630 15.42871243 70693
COSMOS 1408 DEB         
1 49665U 82092FJ  23055.73603213  .00252906  00000+0  59134-2 0  9998
2 49665  82.9326  56.7950 0068809 259.4969  99.8520 15.38779463 69651
COSMOS 1408 DEB         
1 49674U 82092FT  23055.68014586  .00039416  00000+0  88865-3 0  9994
2 49674  82.5995  17.4463 0025838 263.0366  96.7943 15.42711231 70830
COSMOS 1408 DEB         
1 49675U 82092FU  23055.33219739  .00062124  00000+0  14227-2 0  9996
2 49675  82.5928  21.1831 0061317 162.7481 197.5869 15.40521223 70557
COSMOS 1408 DEB         
1 49681U 82092GA  23055.52574444  .00054069  00000+0  11493-2 0  9992
2 49681  82.6452  21.5056 0027274 171.2413 188.9318 15.44367463 70184
COSMOS 1408 DEB         
1 49682U 82092GB  23055.66711007  .00059621  00000+0  18068-2 0  9990
2 49682  82.6243  31.7432 0074295 221.2001 138.3620 15.31156670 69420
COSMOS 1408 DEB         
1 49700U 82092GV  23055.41001830  .00397105  00000+0  42622-2 0  9995
2 49700  82.5856  25.4377 0039017 197.5057 162.4859 15.61637648 69533
COSMOS 1408 DEB         
1 49704U 82092GZ  23055.20214915  .00182352  00000+0  46146-2 0  9997
2 49704  81.9375 352.0143 0067281 277.8150  81.5457 15.36749044 69920
COSMOS 1408 DEB         
1 49708U 82092HD  23055.38081863  .00024818  00000+0  49363-3 0  9991
2 49708  82.6088  12.7556 0026188 311.9614  47.9404 15.46413853 70384
COSMOS 1408 DEB         
1 49709U 82092HE  23055.66639077  .00022731  00000+0  92127-3 0  9997
2 49709  82.6279  32.4160 0083879 228.3069 131.0971 15.21257763 69226
COSMOS 1408 DEB         
1 49717U 82092HN  23055.31454906  .00129509  00000+0  21831-2 0  9998
2 49717  82.5909  20.3368 0051560 160.0113 200.3175 15.49698084 69843
COSMOS 1408 DEB         
1 49719U 82092HQ  23055.35105240  .00218233  00000+0  50659-2 0  9991
2 49719  82.4778  26.9753 0067618 297.6570  61.7822 15.39190417 68970
COSMOS 1408 DEB         
1 49784U 82092JA  23055.70197470  .00031904  00000+0  82683-3 0  9999
2 49784  82.5645  17.0951 0021433 210.2856 149.7153 15.38633896 70979
COSMOS 1408 DEB         
1 49787U 82092JD  23055.38121320  .00214859  00000+0  23316-2 0  9996
2 49787  82.5595  13.6873 0013792 167.7117 192.4480 15.62703718 70983
COSMOS 1408 DEB         
1 49789U 82092JF  23055.37995298  .00022035  00000+0  96109-3 0  9994
2 49789  82.6112  32.0638 0089734 232.0210 127.2896 15.18381987 69924
COSMOS 1408 DEB         
1 49825U 82092KG  23055.26969655  .02637113 -12061-5  16732-2 0  9992
2 49825  82.6341   7.2660 0007268 201.7996 158.2984 16.17614383 70129
COSMOS 1408 DEB         
1 49826U 82092KH  23055.51537471  .00161602  00000+0  43554-2 0  9996
2 49826  82.7818  49.1567 0078140 282.8807  76.3716 15.34134002 67941
COSMOS 1408 DEB         
1 49828U 82092KK  23055.34673902  .00042493  00000+0  10685-2 0  9994
2 49828  82.5784  17.8704 0029643 167.5511 192.6474 15.39303208 68993
COSMOS 1408 DEB         
1 49839U 82092KW  23055.26706756  .00323363  00000+0  18027-2 0  9997
2 49839  82.5345   3.7311 0015418  79.6782 280.6221 15.78396393 69713
COSMOS 1408 DEB         
1 49840U 82092KX  23055.38065824  .00027504  00000+0  13433-2 0  9990
2 49840  82.4919  29.7415 0116466 304.6640  54.3655 15.12248567 67883
COSMOS 1408 DEB         
1 49841U 82092KY  23055.33780447  .00247483  00000+0  29634-2 0  9991
2 49841  82.5064  12.7268 0024466 176.8285 183.3131 15.59796457 70980
COSMOS 1408 DEB         
1 49843U 82092LA  23055.29970392  .00105039  00000+0  94937-3 0  9997
2 49843  82.4913 358.7269 0024983 306.0708  53.8238 15.67345453 69824
COSMOS 1408 DEB         
1 49844U 82092LB  23055.37927825  .00025472  00000+0  67247-3 0  9996
2 49844  82.5733  16.4644 0014328 191.7508 168.3405 15.38213552 68986
COSMOS 1408 DEB         
1 49851U 82092LJ  23055.34218593  .00152221  00000+0  20464-2 0  9998
2 49851  82.5508  12.9261 0013785 183.7367 176.3787 15.57259472 71146
COSMOS 1408 DEB         
1 49853U 82092LL  23055.32958213  .00168189  00000+0  24971-2 0  9995
2 49853  82.6564  21.8044 0028334 166.0228 194.1817 15.54153303 71162
COSMOS 1408 DEB         
1 49854U 82092LM  23055.13502023  .00457825  72129-4  19920-2 0  9991
2 49854  82.6575  10.7471 0022908  74.8871 285.4931 15.84313674 71711
COSMOS 1408 DEB         
1 49864U 82092LX  23055.28692317  .00414039  00000+0  19388-2 0  9996
2 49864  82.5622   5.2420 0024069  82.0232 278.3766 15.81769895 71465
COSMOS 1408 DEB         
1 49886U 82092MV  23055.38900464  .00085228  00000+0  22135-2 0  9994
2 49886  82.5352  21.8933 0053895 205.1438 154.7182 15.37122055 70658
COSMOS 1408 DEB         
1 49892U 82092NB  23055.30363016  .00038425  00000+0  91714-3 0  9996
2 49892  82.5729  15.4336 0019162 266.7401  93.1653 15.41168506 70881
COSMOS 1408 DEB         
1 49907U 82092NS  23055.37045057  .00112943  00000+0  42486-2 0  9991
2 49907  82.5337  38.8124 0123100 269.3550  89.3579 15.19824855 68612
COSMOS 1408 DEB         
1 49909U 82092NU  23054.93894841  .00111052  00000+0  42938-2 0  9999
2 49909  82.4303  30.9906 0122581 273.3183  85.4035 15.19011508 69366
COSMOS 1408 DEB         
1 49910U 82092NV  23055.35560154  .01458470  00000+0  80905-2 0  9990
2 49910  82.3821  22.0220 0034316 222.1337 137.7290 15.76083604 69840
COSMOS 1408 DEB         
1 49915U 82092PA  23055.43178788  .00070144  00000+0  21294-2 0  9995
2 49915  82.6127  30.1075 0066393 222.2573 137.3543 15.31609664 70130
COSMOS 1408 DEB         
1 49917U 82092PC  23055.45316046  .01291951  00000+0  14631-1 0  9998
2 49917  82.5181  45.4574 0046287 347.3295  12.6792 15.58313991 68956
COSMOS 1408 DEB         
1 49981U 82092PY  23055.34722616  .00037367  00000+0  98977-3 0  9996
2 49981  82.5586  17.2076 0025001 190.0714 170.0034 15.37860818 68871
COSMOS 1408 DEB         
1 49982U 82092PZ  23055.34583330  .00138252  00000+0  25154-2 0  9996
2 49982  82.5457  18.0333 0031121 196.9966 163.0246 15.48470428 70920
COSMOS 1408 DEB         
1 49996U 82092QP  23055.69634715  .00035849  00000+0  15833-2 0  9994
2 49996  82.6536  37.5754 0105280 295.8587  63.1819 15.16620428 69121
COSMOS 1408 DEB         
1 50007U 82092QT  23055.29987416  .00109702  00000+0  20338-2 0  9990
2 50007  82.4614  12.2728 0054033 166.1704 194.1042 15.46939057 69523
COSMOS 1408 DEB         
1 50010U 82092QW  23055.55681455  .00024364  00000+0  69276-3 0  9992
2 50010  82.5610  18.3531 0029376 200.9794 159.0247 15.35572431 69086
COSMOS 1408 DEB         
1 50012U 82092QY  23055.33666445  .00065035  00000+0  15905-2 0  9991
2 50012  82.5825  20.5208 0033130 197.7469 162.2623 15.39957335 68949
COSMOS 1408 DEB         
1 50014U 82092RA  23055.40811387  .00029673  00000+0  11262-2 0  9998
2 50014  82.5708  27.6678 0084305 217.4253 142.1096 15.23353650 68529
COSMOS 1408 DEB         
1 50020U 82092RG  23055.38967745  .00024252  00000+0  62893-3 0  9997
2 50020  82.6312  19.0099 0006780 212.9330 147.1493 15.38850480 69141
COSMOS 1408 DEB         
1 50023U 82092RK  23055.23466784  .00063220  00000+0  17677-2 0  9998
2 50023  82.5767  24.5320 0052868 211.6153 148.1912 15.34989815 68554
COSMOS 1408 DEB         
1 50027U 82092RP  23055.32413312  .00053981  00000+0  19558-2 0  9994
2 50027  82.3855  17.9020 0079565 239.3281 120.0098 15.25138944 68204
COSMOS 1408 DEB         
1 50032U 82092RU  23055.68330813  .00004473  00000+0  13607-3 0  9995
2 50032  82.5705  15.3077 0018529 291.7118  68.2152 15.33568506 68837
COSMOS 1408 DEB         
1 50035U 82092RX  23055.25908239  .00038591  00000+0  14291-2 0  9991
2 50035  82.6106  32.4255 0101056 220.4420 138.9276 15.22717624 70433
COSMOS 1408 DEB         
1 50044U 82092SG  23055.33816485  .00167505  00000+0  22146-2 0  9997
2 50044  82.5879  16.9381 0034004 147.1377 213.2003 15.57081048 71001
COSMOS 1408 DEB         
1 50045U 82092SH  23055.36837899  .00057927  00000+0  18902-2 0  9994
2 50045  82.5200  25.0950 0081111 224.3092 135.1638 15.28340981 70407
COSMOS 1408 DEB         
1 50049U 82092SM  23055.43692808  .00117647  00000+0  69434-2 0  9997
2 50049  82.4603  49.3704 0225284  18.0447 342.8603 14.92226527 68625
COSMOS 1408 DEB         
1 50051U 82092SP  23055.65853986  .00019705  00000+0  80633-3 0  9991
2 50051  82.5281  27.4696 0096901 233.1382 126.0941 15.19895864 70321
COSMOS 1408 DEB         
1 50058U 82092SW  23055.28424415  .00007944  00000+0  28281-3 0  9991
2 50058  82.6225  23.6609 0035538 191.6815 168.3604 15.28161657 70519
COSMOS 1408 DEB         
1 50069U 82092TH  23055.38065860  .00025294  00000+0  10015-2 0  9992
2 50069  82.5111  24.3981 0087821 222.0173 137.4307 15.21712938 70045
COSMOS 1408 DEB         
1 50073U 82092TM  23055.27844250  .00472419  00000+0  24863-2 0  9994
2 50073  82.4819   5.7229 0037539 118.4620 242.0436 15.78486924 70522
COSMOS 1408 DEB         
1 50078U 82092TS  23055.33929733  .00057525  00000+0  17223-2 0  9995
2 50078  82.5497  23.2549 0052149 224.4532 135.2520 15.32920241 69669
COSMOS 1408 DEB         
1 50080U 82092TU  23055.29053342  .00122584  00000+0  18111-2 0  9992
2 50080  82.6061  15.8212 0024719 263.5989  96.2450 15.54545057 70196
COSMOS 1408 DEB         
1 50101U 82092UR  23055.29828567  .00320930  00000+0  25344-2 0  9996
2 50101  82.5858  14.4274 0016036 160.8052 199.3818 15.70286216 69232
COSMOS 1408 DEB         
1 50105U 82092UV  23055.32934719  .00078972  00000+0  14960-2 0  9999
2 50105  82.5952  18.8771 0026196 175.5827 184.5660 15.47669852 68956
COSMOS 1408 DEB         
1 50108U 82092UY  23055.28773000  .00390475  00000+0  17969-2 0  9998
2 50108  82.6489  11.0372 0006566 246.0600 113.9982 15.82578309 68733
COSMOS 1408 DEB         
1 50123U 82092VP  23055.37745990  .00016527  00000+0  45640-3 0  9993
2 50123  82.5699  15.5640 0010113 173.7160 186.4213 15.36884504 71067
COSMOS 1408 DEB         
1 50125U 82092VR  23055.37529395  .00076259  00000+0  23537-2 0  9992
2 50125  82.5849  32.7074 0092838 225.9906 133.3658 15.29056988 69947
COSMOS 1408 DEB         
1 50131U 82092VX  23055.30277305  .00075583  00000+0  20971-2 0  9991
2 50131  82.5114  21.1869 0057784 210.1775 149.6137 15.34911715 69164
COSMOS 1408 DEB         
1 50133U 82092VZ  23055.70772348  .00092901  00000+0  15084-2 0  9996
2 50133  82.5701  15.2687 0021505 249.0502 110.8449 15.52119798 70980
COSMOS 1408 DEB         
1 50215U 82092WC  23055.32916172  .00054028  00000+0  93253-3 0  9993
2 50215  82.5573  11.6309 0004817 180.3718 179.7531 15.50779295 69427
COSMOS 1408 DEB         
1 50218U 82092WF  23055.32693945  .00095127  00000+0  18288-2 0  9995
2 50218  82.5049  12.9021 0021223 201.0269 159.0111 15.47323100 67020
COSMOS 1408 DEB         
1 50219U 82092WG  23055.37029634  .02048652  28254-2  44053-2 0  9995
2 50219  82.7932  31.2556 0016139 190.1784 169.9170 15.98973135 69315
COSMOS 1408 DEB         
1 50234U 82092WX  23055.38621897  .00122662  00000+0  21690-2 0  9992
2 50234  82.5627  20.3456 0041604 183.6423 176.4532 15.48902227 68785
COSMOS 1408 DEB         
1 50237U 82092XA  23055.47777680  .00114411  00000+0  58786-2 0  9996
2 50237  82.9427  72.3467 0156439 315.2430  43.6260 15.05969314 66923
COSMOS 1408 DEB         
1 50257U 82092XW  23055.60095950  .00529038  00000+0  38828-2 0  9996
2 50257  82.4580  11.4498 0019016 192.0460 168.0351 15.71406462 67928
COSMOS 1408 DEB         
1 50283U 82092YY  23055.28722238  .00070757  00000+0  16259-2 0  9998
2 50283  82.5436  17.7318 0058590 163.2705 197.0493 15.40566833 70030
COSMOS 1408 DEB         
1 50284U 82092YZ  23055.65615364  .00018659  00000+0  51433-3 0  9998
2 50284  82.6762  23.2361 0019656 242.5993 117.3252 15.36793141 67509
COSMOS 1408 DEB         
1 50292U 82092ZH  23055.26873867  .00414695  00000+0  23840-2 0  9998
2 50292  82.5623  10.4388 0008679 186.7644 173.3506 15.77576494 67920
COSMOS 1408 DEB         
1 50300U 82092ZR  23055.30910660  .00294524  00000+0  31759-2 0  9991
2 50300  82.5691  17.0067 0023498 176.7891 183.3523 15.62408119 67013
COSMOS 1408 DEB         
1 50309U 82092AAA 23055.68072720  .02855470  00000+0  13784-1 0  9999
2 50309  82.5889  42.8542 0015243 316.2568  43.7490 15.79248561 66614
COSMOS 1408 DEB         
1 50312U 82092AAD 23055.72447740  .02436417  56037-2  38993-2 0  9996
2 50312  82.5034   9.6699 0019338 150.7886 209.4481 16.04682716 67870
COSMOS 1408 DEB         
1 50316U 82092AAH 23055.33256642  .01067538  45963-3  43919-2 0  9990
2 50316  82.4956  13.2237 0016973 196.9603 163.1103 15.85791630 67495
COSMOS 1408 DEB         
1 50326U 82092AAL 23055.64691994  .01081108  00000+0  61210-2 0  9990
2 50326  82.5233  29.4825 0043048 208.2251 151.6682 15.75124754 65933
COSMOS 1408 DEB         
1 50327U 82092AAM 23055.71765562  .00075515  00000+0  17677-2 0  9994
2 50327  82.9733  48.4127 0047950 188.3121 171.7338 15.40602121 66459
COSMOS 1408 DEB         
1 50329U 82092AAP 23055.28762356  .00031278  00000+0  62454-3 0  9998
2 50329  82.5417   8.9366 0037330  86.7660 273.7859 15.45889600 66772
COSMOS 1408 DEB         
1 50349U 82092ABK 23055.37836146  .00031881  00000+0  82569-3 0  9998
2 50349  82.6888  24.4658 0030531 221.7859 138.1055 15.38404180 67053
COSMOS 1408 DEB         
1 50351U 82092ABM 23055.67618464  .00018513  00000+0  11357-2 0  9998
2 50351  82.5473  42.7469 0183842 287.1893  70.9277 14.96929842 69305
COSMOS 1408 DEB         
1 50358U 82092ABU 23055.37656826  .00144954  00000+0  25334-2 0  9995
2 50358  82.5466  20.6227 0036840 194.7865 165.2312 15.49371357 70804
COSMOS 1408 DEB         
1 50363U 82092ABZ 23055.34888811  .00023716  00000+0  12013-2 0  9991
2 50363  82.4234  24.7850 0102310 291.4708  67.5636 15.12310355 66928
COSMOS 1408 DEB         
1 50389U 82092ADB 23055.34168681  .01128660  00000+0  51016-2 0  9996
2 50389  82.5759  21.6007 0028544 176.5435 183.6036 15.80713694 67344
COSMOS 1408 DEB         
1 50395U 82092ADH 23055.23244582  .00450182  00000+0  80693-2 0  9995
2 50395  82.2733  40.8798 0220330  52.7548 309.3563 15.26477180 68448
COSMOS 1408 DEB         
1 50404U 82092ADS 23055.47403839  .00012879  00000+0  17123-2 0  9999
2 50404  82.2552  82.6113 0538897 150.8000 212.4486 14.11705447 63677
COSMOS 1408 DEB         
1 50407U 82092ADV 23055.58313694  .01717665  16738-2  41629-2 0  9995
2 50407  82.4566  10.0583 0021845 163.3808 196.8189 15.96283306 67654
COSMOS 1408 DEB         
1 50417U 82092AEF 23055.33709678  .01968850  23294-2  51496-2 0  9992
2 50417  82.5091  14.9145 0021669 166.8536 193.3309 15.95050959 67534
COSMOS 1408 DEB         
1 50430U 82092AEU 23055.29636922  .00209406  00000+0  29101-2 0  9992
2 50430  82.5282  15.8941 0028424 180.9189 179.2019 15.55819348 67028
COSMOS 1408 DEB         
1 50456U 82092AFW 23055.45180101  .00108514  00000+0  42416-2 0  9993
2 50456  82.9393  67.1776 0150796 328.3631  30.8601 15.15493337 67848
COSMOS 1408 DEB         
1 50457U 82092AFX 23054.43672173  .00125834  00000+0  67862-2 0  9992
2 50457  82.6543  58.9354 0199596   3.3545 356.8960 14.98793066 67120
COSMOS 1408 DEB         
1 50523U 82092AGW 23055.37187989  .00048717  00000+0  24664-2 0  9993
2 50523  82.5365  39.2426 0155345 274.5842  83.7657 15.06805813 64954
COSMOS 1408 DEB         
1 50535U 82092AHJ 23055.65016634  .00029483  00000+0  10899-2 0  9999
2 50535  82.5235  24.5562 0081771 220.4917 139.0220 15.24399042 65768
COSMOS 1408 DEB         
1 50546U 82092AHV 23055.31141730  .00281235  00000+0  28109-2 0  9998
2 50546  82.5621  15.3049 0024426 156.2867 203.9524 15.64358401 66151
COSMOS 1408 DEB         
1 50551U 82092AJA 23055.34923477  .00113831  00000+0  21325-2 0  9992
2 50551  82.5932  21.2124 0050588 167.5892 192.6618 15.46829499 65420
COSMOS 1408 DEB         
1 50560U 82092AJK 23055.65041158  .00023472  00000+0  87228-3 0  9999
2 50560  82.5296  25.6529 0093887 215.2613 144.2391 15.23267377 65361
COSMOS 1408 DEB         
1 50562U 82092AJM 23055.31313367  .00203822  00000+0  11015-2 0  9997
2 50562  82.6541   6.5330 0026963  25.0198 335.2369 15.79021582 70462
COSMOS 1408 DEB         
1 50578U 82092AJW 23055.34636108  .00019218  00000+0  63096-3 0  9999
2 50578  82.7230  29.9369 0031414 233.6707 126.1634 15.30966510 66492
COSMOS 1408 DEB         
1 50586U 82092AKE 23055.33922852  .00303710  00000+0  38632-2 0  9991
2 50586  82.5410  23.0856 0050258 191.2092 168.8049 15.56886428 66061
COSMOS 1408 DEB         
1 50602U 82092AKW 23055.34165891  .00082159  00000+0  24510-2 0  9994
2 50602  82.4237  17.5759 0055395 257.9594 101.5436 15.32773465 65423
COSMOS 1408 DEB         
1 50605U 82092AKZ 23055.28785847  .00118237  00000+0  96324-3 0  9999
2 50605  82.6592   8.5983 0030435  27.7378 332.5498 15.69632627 66892
COSMOS 1408 DEB         
1 50613U 82092ALH 23055.62015799  .00169132  00000+0  32938-2 0  9998
2 50613  82.5512  26.1435 0048957 234.9985 124.6664 15.45630284 65473
COSMOS 1408 DEB         
1 50619U 82092ALP 23055.29141155  .00030134  00000+0  86155-3 0  9993
2 50619  82.5705  18.4441 0024354 202.2735 157.7453 15.35528289 65912
COSMOS 1408 DEB         
1 50621U 82092ALR 23055.33727254  .00008137  00000+0  33091-3 0  9990
2 50621  82.5846  24.9262 0057348 211.8990 147.8771 15.22822125 65568
COSMOS 1408 DEB         
1 50632U 82092AMC 23054.31670804  .01555166  11675-2  52077-2 0  9994
2 50632  82.5037  14.1604 0025951 157.8968 202.3430 15.89813997 65482
COSMOS 1408 DEB         
1 50669U 82092ANR 23055.35433239  .00038934  00000+0  82923-3 0  9997
2 50669  82.7140  23.6260 0051955 280.3626  79.1768 15.43281896 65737
COSMOS 1408 DEB         
1 50674U 82092ANW 23055.40574442  .00086086  00000+0  26773-2 0  9992
2 50674  82.5649  31.4838 0087222 233.0182 126.3053 15.29265182 64084
COSMOS 1408 DEB         
1 50686U 82092APJ 23055.36938239  .00114370  00000+0  26117-2 0  9998
2 50686  82.7293  35.6884 0067205 278.4087  80.9545 15.40047689 65947
COSMOS 1408 DEB         
1 50687U 82092APK 23055.14372276  .00183073  00000+0  21229-2 0  9993
2 50687  82.5590  12.6490 0009787 234.2540 125.7807 15.61136538 65189
COSMOS 1408 DEB         
1 50689U 82092APM 23055.29066014  .00013930  00000+0  42107-3 0  9994
2 50689  82.5194  14.8260 0057555 151.0713 209.3741 15.32411595 64827
COSMOS 1408 DEB         
1 50708U 82092AQG 23055.67740496  .00065577  00000+0  12609-2 0  9998
2 50708  82.5903  18.8575 0045409 155.2285 205.1159 15.46511852 66073
COSMOS 1408 DEB         
1 50727U 82092ARB 23055.34005843  .00065972  00000+0  16070-2 0  9998
2 50727  82.5993  22.1947 0042791 183.8550 176.2373 15.39686431 65823
COSMOS 1408 DEB         
1 50730U 82092ARE 23055.61573551  .00015579  00000+0  47631-3 0  9994
2 50730  82.5713  17.7943 0020433 204.9683 155.0573 15.33526125 65525
COSMOS 1408 DEB         
1 50748U 82092ARY 23055.27491862  .00095485  00000+0  12290-2 0  9995
2 50748  82.4587   2.4731 0037949 286.3508  73.3576 15.57831871 65087
COSMOS 1408 DEB         
1 50752U 82092ASC 23055.27629072  .00051036  00000+0  94417-3 0  9992
2 50752  82.5749  12.0712 0017420 291.8758  68.0640 15.48654785 67788
COSMOS 1408 DEB         
1 50754U 82092ASE 23055.22067278  .00109515  00000+0  22806-2 0  9991
2 50754  82.5962  22.7810 0037653 254.8490 104.8592 15.44417372 65481
COSMOS 1408 DEB         
1 50755U 82092ASF 23055.42348900  .00135001  00000+0  71013-2 0  9991
2 50755  82.6356  55.4604 0172559 323.0481  35.8954 15.03150500 64675
COSMOS 1408 DEB         
1 50770U 82092ASW 23054.17542839  .00683649  00000+0  35424-2 0  9998
2 50770  82.5888  18.6564 0015113 202.6270 157.4333 15.79134869 64920
COSMOS 1408 DEB         
1 50887U 82092AUE 23055.34670605  .00185386  00000+0  33217-2 0  9993
2 50887  82.5003  18.8623 0040365 205.7791 154.1449 15.48381342 63539
COSMOS 1408 DEB         
1 50890U 82092AUH 23055.32774635  .00357518  00000+0  35166-2 0  9996
2 50890  82.5301  15.2006 0025945 173.2702 186.8911 15.64494267 64927
COSMOS 1408 DEB         
1 50908U 82092AVB 23055.51919389  .00156257  00000+0  22230-2 0  9999
2 50908  82.5094  13.4521 0026132 182.1790 177.9355 15.55425129 64949
COSMOS 1408 DEB         
1 50912U 82092AVF 23055.29891891  .00438454  00000+0  18151-2 0  9995
2 50912  82.6513  11.9045 0005814 114.7859 245.4016 15.84726622 64428
COSMOS 1408 DEB         
1 50921U 82092AVQ 23055.67203710  .00069042  00000+0  13190-2 0  9995
2 50921  82.5695  14.8757 0018609 252.8482 107.0730 15.47650357 63865
COSMOS 1408 DEB         
1 50925U 82092AVU 23055.42290001  .00157998  00000+0  63860-2 0  9998
2 50925  82.3903  32.9155 0144526 341.3529  18.2435 15.15018862 62156
COSMOS 1408 DEB         
1 50926U 82092AVV 23055.36852864  .00046770  00000+0  16468-2 0  9990
2 50926  82.5722  28.2899 0077808 222.2077 137.3156 15.26208888 64295
COSMOS 1408 DEB         
1 50937U 82092AWG 23055.63007243  .00021788  00000+0  66681-3 0  9990
2 50937  82.5829  20.5913 0040211 185.4272 174.6541 15.32881393 63591
COSMOS 1408 DEB         
1 50942U 82092AWM 23055.29779636  .00224502  00000+0  10837-2 0  9990
2 50942  82.6430   5.2497 0023995  22.0852 338.1444 15.81551890 65943
COSMOS 1408 DEB         
1 50945U 82092AWQ 23055.40088743  .00783002  00000+0  58995-2 0  9990
2 50945  82.5282  28.4597 0045229 306.1696  53.5384 15.69053210 64044
COSMOS 1408 DEB         
1 50956U 82092AXB 23055.36562166  .00212784  00000+0  29804-2 0  9994
2 50956  82.5484  19.1969 0033028 189.2474 170.8177 15.55429825 64607
COSMOS 1408 DEB         
1 50967U 82092AXN 23055.36316859  .00021667  00000+0  68289-3 0  9991
2 50967  82.7293  29.6155 0017623 197.4094 162.6547 15.32611808 64502
COSMOS 1408 DEB         
1 50972U 82092AXT 23055.30371098  .00108105  00000+0  18557-2 0  9992
2 50972  82.5898  17.6560 0031382 156.7861 203.4817 15.50209727 64677
COSMOS 1408 DEB         
1 50973U 82092AXU 23055.26133830  .02077899  33949-2  32222-2 0  9991
2 50973  82.4702   6.9489 0018597 148.0383 212.2030 16.04677531 64990
COSMOS 1408 DEB         
1 50979U 82092AYA 23055.34762271  .00159281  00000+0  23702-2 0  9999
2 50979  82.6725  23.9668 0028884 165.3462 194.8636 15.54101354 63424
COSMOS 1408 DEB         
1 51167U 82092AYR 23055.35445508  .00201438  00000+0  54026-2 0  9996
2 51167  82.4231  25.7260 0074780 267.8831  91.3847 15.34396316 62848
COSMOS 1408 DEB         
1 51172U 82092AYW 23055.31965653  .00102933  00000+0  96431-3 0  9993
2 51172  82.6586   9.7859 0036137  39.9721 320.4189 15.66012016 64625
COSMOS 1408 DEB         
1 51184U 82092AZJ 23055.29572133  .00013165  00000+0  39462-3 0  9999
2 51184  82.5014  12.2969 0027297 153.0280 207.2389 15.33976313 62770
COSMOS 1408 DEB         
1 51192U 82092AZS 23055.27852477  .00596970  12864-3  24710-2 0  9992
2 51192  82.5577  12.0621 0021338 138.0502 222.2407 15.85428863 63167
COSMOS 1408 DEB         
1 51215U 82092BAR 23055.30153591  .00078712  00000+0  13330-2 0  9993
2 51215  82.5756  13.0094 0006577 153.5105 206.6484 15.51225122 64007
COSMOS 1408 DEB         
1 51221U 82092BAX 23055.34517266  .00075308  00000+0  16900-2 0  9991
2 51221  82.5561  17.6204 0026985 199.6808 160.3400 15.42700790 63661
COSMOS 1408 DEB         
1 51225U 82092BBB 23055.31547723  .00022076  00000+0  73292-3 0  9995
2 51225  82.4714  15.6484 0072468 292.4767  66.8809 15.28522063 63421
COSMOS 1408 DEB         
1 51229U 82092BBF 23055.40039291  .00042714  00000+0  16706-2 0  9992
2 51229  82.5799  30.5938 0097005 230.9464 128.3112 15.21307312 63976
COSMOS 1408 DEB         
1 51231U 82092BBH 23055.30835890  .00045944  00000+0  10919-2 0  9991
2 51231  82.5728  16.3957 0023529 263.2045  96.6524 15.41175146 62522
COSMOS 1408 DEB         
1 51267U 82092BCV 23047.35452248  .01034500  00000+0  66977-2 0  9990
2 51267  82.5018  25.9361 0029393 202.0526 157.9476 15.73139879 64277
COSMOS 1408 DEB         
1 51271U 82092BCZ 23055.15509615  .00118766  00000+0  12895-2 0  9999
2 51271  82.6904  15.8250 0010229 305.3002  54.7300 15.63033212 63335
COSMOS 1408 DEB         
1 51305U 82092BDX 23055.56747111  .00024648  00000+0  51261-3 0  9993
2 51305  82.5082   7.3145 0038147  95.5976 264.9625 15.44683326 63112
COSMOS 1408 DEB         
1 51309U 82092BEB 23055.28205191  .00172476  00000+0  19538-2 0  9996
2 51309  82.5716  12.0333 0008864 238.4302 121.6091 15.61788594 61796
COSMOS 1408 DEB         
1 51316U 82092BEJ 23055.42308943  .00720368  00000+0  11625-1 0  9996
2 51316  82.4968  39.3735 0067247 333.0038  26.7718 15.48065682 61330
COSMOS 1408 DEB         
1 51322U 82092BEQ 23055.36030166  .00026843  00000+0  74250-3 0  9997
2 51322  82.7447  30.4706 0074880 283.2750  76.0150 15.34011311 62693
COSMOS 1408 DEB         
1 51325U 82092BET 23055.64681634  .00254019  00000+0  47027-2 0  9992
2 51325  82.5377  24.2853 0025474 272.2801  87.5532 15.47751161 61070
COSMOS 1408 DEB         
1 51338U 82092BFG 23055.18222485  .00080210  00000+0  21465-2 0  9998
2 51338  82.6158  28.6076 0058575 213.1050 146.6524 15.35958095 60793
COSMOS 1408 DEB         
1 51341U 82092BFK 23054.35030979  .01229544  63268-3  50219-2 0  9999
2 51341  82.5871  21.8902 0023893 172.1473 188.0177 15.85752387 62628
COSMOS 1408 DEB         
1 51375U 82092BGV 23045.98412894  .00810755  00000+0  40145-2 0  9992
2 51375  82.5396  24.4430 0020586 181.3209 178.8008 15.79710000 61311
COSMOS 1408 DEB         
1 51376U 82092BGW 23055.31402005  .00608202  14868-3  16971-2 0  9997
2 51376  82.6814  10.8454 0011468  72.7790 287.4739 15.93554981 64614
COSMOS 1408 DEB         
1 51389U 82092BHK 23055.30231315  .00136465  00000+0  21955-2 0  9998
2 51389  82.5145  14.9629 0030714 180.4531 179.6699 15.51955855 62599
COSMOS 1408 DEB         
1 51400U 82092BHW 23055.14705374  .00212359  00000+0  24550-2 0  9996
2 51400  82.5172  11.6415 0024129 151.0149 209.2454 15.60832739 62620
COSMOS 1408 DEB         
1 51404U 82092BJA 23055.29536143  .00934483  41480-3  19390-2 0  9998
2 51404  82.5137   0.0699 0009866  97.6769 262.5629 15.99124968 64230
COSMOS 1408 DEB         
1 51413U 82092BJK 23055.24549628  .00529682  11012-3  14841-2 0  9990
2 51413  82.4786 356.0500 0018325  63.3893 296.9256 15.93273550 63470
COSMOS 1408 DEB         
1 51424U 82092BJW 23055.60270436  .00342637  00000+0  35820-2 0  9994
2 51424  82.4667  15.1960 0031511 268.1639  91.6009 15.62791554 62322
COSMOS 1408 DEB         
1 51430U 82092BKC 23055.66801746  .00042450  00000+0  14167-2 0  9992
2 51430  82.5870  27.3376 0063278 229.1733 130.4011 15.28907704 61084
COSMOS 1408 DEB         
1 51435U 82092BKH 23055.19157755  .00015017  00000+0  66405-3 0  9991
2 51435  82.5647  27.6837 0077003 234.1918 125.2145 15.18866867 60945
COSMOS 1408 DEB         
1 51515U 82092BKQ 23055.34996401  .00028523  00000+0  11719-2 0  9999
2 51515  82.5713  30.1077 0098574 226.8881 132.4079 15.19606996 58811
COSMOS 1408 DEB         
1 51522U 82092BKX 23055.31180256  .00578822  00000+0  30830-2 0  9994
2 51522  82.6509  18.6668 0014005 206.6751 153.3798 15.78803285 61627
COSMOS 1408 DEB         
1 51532U 82092BLH 23055.20738916  .00142786  00000+0  25353-2 0  9995
2 51532  82.4766  14.7095 0052976 171.8428 188.3696 15.48118564 61301
COSMOS 1408 DEB         
1 51539U 82092BLQ 23055.30440247  .00359963  00000+0  32196-2 0  9990
2 51539  82.5163  12.1310 0024903 155.0232 205.2239 15.66899908 61465
COSMOS 1408 DEB         
1 51544U 82092BLV 23055.37380260  .00122659  00000+0  35594-2 0  9996
2 51544  82.5748  32.4181 0084368 238.2616 121.0385 15.31515986 60630
COSMOS 1408 DEB         
1 51547U 82092BLY 23055.33121829  .00050309  00000+0  19440-2 0  9993
2 51547  82.4816  24.5643 0087521 285.2413  73.9159 15.22461191 60715
COSMOS 1408 DEB         
1 51562U 82092BMP 23055.20249052  .00031395  00000+0  13042-2 0  9991
2 51562  82.6047  35.0784 0107245 234.6266 124.4913 15.18462275 60712
COSMOS 1408 DEB         
1 51564U 82092BMR 23047.69835570  .01412953  00000+0  12329-1 0  9993
2 51564  82.4797  33.2729 0031261 319.3403  40.5522 15.65422769 60935
COSMOS 1408 DEB         
1 51566U 82092BMT 23055.66425430  .00095770  00000+0  18663-2 0  9992
2 51566  82.8582  38.5830 0030120 214.0091 145.9230 15.46676145 61486
COSMOS 1408 DEB         
1 51576U 82092BND 23054.36152902  .00184407  00000+0  34540-2 0  9998
2 51576  82.5780  26.3064 0056492 200.2545 159.6465 15.46263901 61089
COSMOS 1408 DEB         
1 51579U 82092BNG 23054.33555497  .00020230  00000+0  76510-3 0  9991
2 51579  82.5024  20.4620 0052129 259.9946  99.5407 15.25533248 60757
COSMOS 1408 DEB         
1 51582U 82092BNK 23055.37636100  .00017599  00000+0  75187-3 0  9994
2 51582  82.5728  28.3748 0086152 224.6925 134.7347 15.19349992 60949
COSMOS 1408 DEB         
1 51600U 82092BPD 23053.30893834  .05085901 -12374-5  31324-2 0  9990
2 51600  82.4986  12.3670 0019737 154.2581 205.9694 16.17569077 60294
COSMOS 1408 DEB         
1 51610U 82092BPP 23055.34275594  .00641645  00000+0  32038-2 0  9991
2 51610  82.5913  13.9956 0014022 154.8001 205.3954 15.80083161 60562
COSMOS 1408 DEB         
1 51614U 82092BPT 23054.85036348  .00201038  00000+0  14856-2 0  9998
2 51614  82.7093  15.0680 0007850 308.1473  51.9082 15.72332850 63150
COSMOS 1408 DEB         
1 51616U 82092BPV 23053.61467042  .00093892  00000+0  61703-2 0  9992
2 51616  81.9282  16.0579 0203533  11.7357 348.8497 14.91773005 60140
COSMOS 1408 DEB         
1 51670U 82092BQK 23054.87076568  .00788709  00000+0  52701-2 0  9996
2 51670  82.5410  24.0941 0039403 189.9099 170.1392 15.72200315 58995
COSMOS 1408 DEB         
1 51913U 82092BSP 23055.24209514  .00070258  00000+0  12804-2 0  9990
2 51913  82.6274  17.0975 0006721 176.6404 183.4894 15.49169585 57027
COSMOS 1408 DEB         
1 51920U 82092BSW 23055.57120877  .00086674  00000+0  11533-2 0  9995
2 51920  82.4982   5.3019 0017104  98.6162 261.7032 15.57677988 59845
COSMOS 1408 DEB         
1 51922U 82092BSY 23055.32031449  .00125506  00000+0  22861-2 0  9990
2 51922  82.5802  19.2977 0031028 182.6562 177.4529 15.48483806 57278
COSMOS 1408 DEB         
1 52049U 82092BUB 23054.90254683  .00056652  00000+0  11096-2 0  9994
2 52049  82.6319  17.7810 0006030 184.3775 175.7423 15.47142780 53993
COSMOS 1408 DEB         
1 52054U 82092BUG 23054.29204225  .00147132  00000+0  17582-2 0  9999
2 52054  82.4763   5.5623 0021129 112.4718 247.8779 15.60247511 56285
COSMOS 1408 DEB         
1 52060U 82092BUN 23055.14012014  .00079672  00000+0  20050-2 0  9991
2 52060  82.4905  19.5176 0061740 203.4816 156.3609 15.37628628 55697
COSMOS 1408 DEB         
1 52062U 82092BUQ 23053.19574877  .00407923  00000+0  85089-2 0  9993
2 52062  82.3329  28.5727 0095165 348.8317  11.0813 15.39458614 54925
COSMOS 1408 DEB         
1 52064U 82092BUS 23050.14541052  .00269231  00000+0  16689-2 0  9994
2 52064  82.5043  10.6052 0051779 121.3365 239.2982 15.74404740 55679
COSMOS 1408 DEB         
1 52066U 82092BUU 23055.22496547  .00028288  00000+0  18822-2 0  9994
2 52066  82.5301  44.7781 0198535 302.1152  56.0931 14.92231386 54514
COSMOS 1408 DEB         
1 52071U 82092BUZ 23054.29282887  .00094050  00000+0  57054-2 0  9996
2 52071  82.7283  63.6163 0211311 359.6487   0.4548 14.93393585 53675
COSMOS 1408 DEB         
1 52208U 82092BVQ 23052.64100392  .00035608  00000+0  11929-2 0  9990
2 52208  82.5644  25.7094 0047052 244.6010 115.0356 15.29677552 53514
COSMOS 1408 DEB         
1 52215U 82092BVX 23055.15512898  .00068293  00000+0  19506-2 0  9990
2 52215  82.5494  23.4340 0053588 218.8765 140.8620 15.34275953 52441
COSMOS 1408 DEB         
1 52246U 82092BXE 23055.19763097  .00100645  00000+0  19206-2 0  9992
2 52246  82.7884  32.5694 0047009 153.0796 207.2909 15.46538602 53982
COSMOS 1408 DEB         
1 52436U 82092BXS 23054.17675694  .00100364  00000+0  23190-2 0  9990
2 52436  82.5729  22.1833 0037913 260.0901  99.6065 15.41363538 47404
COSMOS 1408 DEB         
1 52440U 82092BXW 23055.31633813  .00093904  00000+0  15665-2 0  9998
2 52440  82.5537  12.8690 0013749 245.6741 114.3076 15.51516863 51690
COSMOS 1408 DEB         
1 52441U 82092BXX 23055.18586957  .00166071  00000+0  21728-2 0  9993
2 52441  82.5696  14.0917 0015986 159.2825 200.9083 15.57905158 51090
COSMOS 1408 DEB         
1 52514U 82092BXZ 23055.14967955  .00046307  00000+0  12424-2 0  9993
2 52514  82.5623  19.0195 0029979 205.5076 154.4691 15.37295154 48342
COSMOS 1408 DEB         
1 52517U 82092BYC 23054.91092936  .00027965  00000+0  14260-2 0  9997
2 52517  82.5732  36.6339 0111542 276.0616  82.7913 15.11254800 49742
COSMOS 1408 DEB         
1 52518U 82092BYD 23054.19165392  .00056041  00000+0  11539-2 0  9998
2 52518  82.5102  11.4440 0026937 137.3710 222.9636 15.45303856 47678
COSMOS 1408 DEB         
1 52571U 82092BYU 23052.68080979  .00056383  00000+0  18937-2 0  9994
2 52571  82.6075  32.9938 0075933 229.1968 130.2670 15.27819232 49796
COSMOS 1408 DEB         
1 52572U 82092BYV 23054.18526544  .00536504  00000+0  58320-2 0  9993
2 52572  82.5276  29.9161 0048282 222.7082 137.0419 15.60428395 50067
COSMOS 1408 DEB         
1 52808U 82092BZV 23055.17789575  .00036841  00000+0  15147-2 0  9999
2 52808  82.5251  28.1225 0091538 242.2014 116.9921 15.20154466 45966
COSMOS 1408 DEB         
1 52809U 82092BZW 23053.24114806  .00089926  00000+0  42835-2 0  9991
2 52809  82.5408  42.6416 0155939 285.3635  73.0409 15.08604046 46322
COSMOS 1408 DEB         
1 52814U 82092CAB 23055.57485749  .00028275  00000+0  79826-3 0  9993
2 52814  82.4711  13.7182 0065085 170.7154 189.5310 15.34064073 44116
COSMOS 1408 DEB         
1 52815U 82092CAC 23055.31552288  .00089876  00000+0  11314-2 0  9990
2 52815  82.6181  11.4941 0020896 292.0301  67.8735 15.59055972 50943
COSMOS 1408 DEB         
1 52823U 82092CAJ 23053.15990115  .00209690  00000+0  23746-2 0  9994
2 52823  82.4965  12.6968 0018745 172.0804 188.0753 15.61518771 47471
COSMOS 1408 DEB         
1 52825U 82092CAL 23055.30970991  .00043698  00000+0  18645-2 0  9991
2 52825  82.8283  47.7346 0095971 281.0831  77.9623 15.18548192 43599
COSMOS 1408 DEB         
1 52921U 82092CAS 23050.66587359  .00021808  00000+0  77973-3 0  9993
2 52921  82.5193  26.5330 0082063 215.4686 144.1081 15.25460828 46638
