UNKNOWN                 
1 81036U          23055.49695123 -.00003469  00000+0 -78334-2 0  9992
2 81036  65.9764 141.5753 2671372  58.9845 324.6293  9.16897629308175
UNKNOWN                 
1 81052U          23055.37427987  .00004923  00000+0  16361-2 0  9994
2 81052  65.7821  51.4362 0623229  81.2228 285.8850 13.63875424459934
UNKNOWN                 
1 81069U          23053.84607373  .00003849  00000+0  60590-2 0  9990
2 81069 100.3255 256.8246 0067517  21.1037 339.2858 13.49770094377262
UNKNOWN                 
1 81078U          23053.51780499  .00000261  00000+0  89818-2 0  9994
2 81078  65.1108  79.2551 0199207 234.3978 283.0313 11.21993710379698
UNKNOWN                 
1 81111U          23055.35498843  .00040126  00000+0  48927-2 0  9995
2 81111  62.8340 205.7682 4255451 317.9841  16.2185  6.91593881197679
UNKNOWN                 
1 81123U 70025    23051.98793328  .00001372  00000+0  14095-2 0  9992
2 81123 100.0500  64.2635 0003348 184.6122 175.4996 13.78258793464818
UNKNOWN                 
1 81134U          23054.02460900  .00000315  00000+0  11381-2 0  9996
2 81134  90.2699 340.3811 0022735 182.7302 177.3695 12.92474732330348
UNKNOWN                 
1 81161U          23055.08726325  .00003922  00000+0  43184-2 0  9992
2 81161 100.3834 156.8263 0056885 343.9711  15.9632 13.72072274415718
UNKNOWN                 
1 81219U 81053    23054.71329276  .00000592  00000+0  55406-3 0  9997
2 81219  82.9252  53.3728 0020349 215.1796 144.8021 13.80092700466329
UNKNOWN                 
1 81221U          23054.64995031  .00005322  00000+0  23692-2 0  9990
2 81221  98.8871 359.6523 0112942  66.5397 294.7604 14.19916095378808
UNKNOWN                 
1 81228U          23051.26438940  .00005192  00000+0  22484-2 0  9996
2 81228  70.5256  23.2532 0082987  75.0248 286.0043 14.22913798479240
UNKNOWN                 
1 81247U 81053    23055.25232590  .00032252  00000+0  66291-2 0  9991
2 81247  83.2417 356.1631 0027449 149.3486 210.9329 14.60198981487760
UNKNOWN                 
1 81254U 70025    23055.23507444  .00002684  00000+0  20267-2 0  9996
2 81254 100.3695 334.1046 0070626 245.8293 113.5469 13.94039331470063
UNKNOWN                 
1 81264U          23050.41295729  .00009096  00000+0  16099-2 0  9990
2 81264  99.4306  99.7216 0095031 229.3574 129.9334 14.64686091458641
UNKNOWN                 
1 81279U          23054.58232694  .00003007  00000+0  12423-2 0  9993
2 81279  98.1341 185.8525 0221569 128.9660 233.1487 14.14937428317659
UNKNOWN                 
1 81301U          23053.72508204  .00000396  00000+0  47151-3 0  9992
2 81301  66.7573 219.5085 0091953 203.0762 168.7174 13.75693732465450
UNKNOWN                 
1 81311U 90105    23053.77176544  .00001709  00000+0  37227-3 0  9993
2 81311  98.8044  47.2529 0137492   2.3174 172.7471 14.53699224490671
UNKNOWN                 
1 81317U 80089    23055.56606560  .00000246  00000+0  52055-3 0  9995
2 81317  67.1352 265.8989 0213173  26.5852   2.1372 13.37309746451927
UNKNOWN                 
1 81323U          23052.37227953  .00010962  00000+0  22489-2 0  9991
2 81323  65.7755 286.5049 0472201 130.5925 233.7258 14.08741057967132
UNKNOWN                 
1 81329U          23055.07036431  .00003242  00000+0  12554-2 0  9991
2 81329  65.8227 294.2329 0861950 131.3952 352.5524 13.14207445481290
UNKNOWN                 
1 81341U          23051.61573048  .00000915  00000+0  23641-2 0  9994
2 81341  99.4927 118.9353 0438617 307.8071  48.4074 12.90479728390787
UNKNOWN                 
1 81342U          23054.07289009  .00004832  00000+0  26705-2 0  9995
2 81342  70.9012 310.0765 0152571 103.8528 257.9617 14.06117421473232
UNKNOWN                 
1 81343U          23054.91909488  .00006272  00000+0  68777-3 0  9995
2 81343  85.8807  18.1949 0009089 328.8569  31.2116 14.87552252301522
UNKNOWN                 
1 81357U          23055.58235746  .00020267  00000+0  15811-2 0  9993
2 81357  97.4502 286.9357 0165893 227.8838 130.8181 14.90874546383210
UNKNOWN                 
1 81359U          23055.15856143  .00000964  00000+0  10099-2 0  9993
2 81359  66.8015 333.3369 0124832 300.9225  57.9623 13.75941417464654
UNKNOWN                 
1 81366U          23055.16305961  .00001107  00000+0  40874-3 0  9994
2 81366  65.8859 322.2578 0745456 212.8339 142.4246 13.39982591928939
UNKNOWN                 
1 81371U          23054.97111003  .00004338  00000+0  87772-3 0  9997
2 81371  98.9034  62.9020 0083418 278.3864  80.7883 14.59723082492130
UNKNOWN                 
1 81374U          23055.51218296  .00012850  00000+0  38593-2 0  9997
2 81374  65.7301 238.0384 0046851 327.6280  32.1943 14.42256372436480
UNKNOWN                 
1 81380U          23055.34920374  .00021939  00000+0  58992-2 0  9995
2 81380  99.8556  18.6486 0005182 102.8883 257.2884 14.48021082470718
UNKNOWN                 
1 81386U          23053.16743600  .00006530  00000+0  29011-2 0  9994
2 81386  71.0557  25.9170 0122234 245.2247 113.6121 14.19370519478078
UNKNOWN                 
1 81390U          23054.75311673  .00000324  00000+0  28337-2 0  9991
2 81390 103.1249 223.3773 0176371 134.5438 227.0175 12.34941818373764
UNKNOWN                 
1 81391U          23041.91370767  .00010984  00000+0  46217-2 0  9995
2 81391  81.2007 268.8249 0011630 241.3924 118.6086 14.25667829433254
UNKNOWN                 
1 81392U          23055.63300137  .00003304  00000+0  37610-2 0  9999
2 81392 100.4179 298.5792 0044715  93.1413 296.6599 13.70484600461629
UNKNOWN                 
1 81402U          23055.53748209  .00011446  00000+0  40461-2 0  9990
2 81402  98.6961  89.3438 0007911 201.8781 158.2067 14.34762680299545
UNKNOWN                 
1 81405U          23054.88437484  .00002074  00000+0  17090-2 0  9999
2 81405  99.5488  75.5918 0168053  63.9576 297.8773 13.84002444420062
UNKNOWN                 
1 81406U          23052.37267795  .00002631  00000+0  11672-2 0  9997
2 81406  65.8138 289.9431 0879603  52.4811 315.2914 13.05960137399474
UNKNOWN                 
1 81409U 87068    23054.22378203  .00021491  00000+0  68425-2 0  9995
2 81409  82.6635 341.9476 0053733 311.5542  48.1047 14.38890227482125
UNKNOWN                 
1 81418U          23054.34905435  .00001920  00000+0  37845-2 0  9999
2 81418 100.2926 203.2040 0064053 216.4595 143.2159 13.36191923262356
UNKNOWN                 
1 81425U          23054.70135288  .00002945  00000+0  34048-2 0  9998
2 81425  99.4588 141.4779 0090040 222.6864 136.7262 13.68245490301802
UNKNOWN                 
1 81427U          23054.97609819  .00000934  00000+0  59644-3 0  9991
2 81427  98.8454 315.8693 0088816  27.6232 332.9613 14.03989243408103
UNKNOWN                 
1 81438U          23054.79616988  .00003051  00000+0  50300-2 0  9990
2 81438 100.3078 239.8894 0048745  47.0199 313.5003 13.47474472453815
UNKNOWN                 
1 81439U          23055.09489184  .00000848  00000+0  25327-2 0  9993
2 81439  67.1625 317.4338 0599836 113.1337 253.4029 12.61625895132840
UNKNOWN                 
1 81449U 85042    23055.60136334  .00006822  00000+0  21482-2 0  9992
2 81449  66.8056 271.0856 0045646 215.0125 144.7977 14.40288300484251
UNKNOWN                 
1 81478U          23053.13955444  .00003723  00000+0  16404-2 0  9997
2 81478  99.0251 295.2978 0169922  57.8827  93.3489 14.16580126477327
UNKNOWN                 
1 81488U 75052    23054.50004249  .00000258  00000+0  43639-3 0  9998
2 81488 100.1221 254.8979 0044676  14.3401  15.6827 13.55686345457946
UNKNOWN                 
1 81497U          23055.37450140  .00005209  00000+0  59308-2 0  9990
2 81497 100.3170 212.1228 0031256 100.7223 290.3388 13.70324336 75561
UNKNOWN                 
1 81499U          23053.14265728  .00003420  00000+0  11416-2 0  9992
2 81499  74.0555 319.4530 0004011 246.6399 113.4333 14.37873320334702
UNKNOWN                 
1 81521U          23055.64535181  .00055693  00000+0  67682-2 0  9993
2 81521  99.6855 303.8644 0011381 320.7759  70.6400 14.83190550491799
UNKNOWN                 
1 81535U          23055.38185777  .00003048  00000+0  13557-2 0  9990
2 81535  98.1282 216.1928 0249473 216.6683 141.7192 14.08343557243233
UNKNOWN                 
1 81536U 73086    23055.00898296  .00000534  00000+0  36039-2 0  9998
2 81536 102.0465 250.7294 0017565  64.0226  92.6509 12.54354623423506
UNKNOWN                 
1 81537U 93016    23054.68036446  .00000376  00000+0  25077-3 0  9993
2 81537  71.0395  63.6166 0081225 253.2594 105.9600 14.05885880476619
UNKNOWN                 
1 81546U          23046.23756870  .00141566  00000+0  91451-2 0  9991
2 81546  66.8020 234.5721 0012274  76.4852 283.7653 15.07350516976368
UNKNOWN                 
1 81552U          23054.13887672  .00000681  00000+0  15819-2 0  9997
2 81552  99.0579 114.9879 0264889 310.6722  47.1643 13.16042470444509
UNKNOWN                 
1 81564U          23055.40450746  .00011394  00000+0  44472-2 0  9999
2 81564  81.1807 299.1867 0029749  82.6884 277.7677 14.29312317420013
UNKNOWN                 
1 81569U          23055.09981714  .00000298  00000+0  13167-2 0  9991
2 81569  28.0726 208.3437 0313384 163.0672 198.0568 12.46241705425156
UNKNOWN                 
1 81579U          23055.50769204  .00022217  00000+0  11786-1 0  9995
2 81579 100.0204  81.5009 0200654  57.8238 304.2215 14.03798089468051
UNKNOWN                 
1 81599U          23055.22534934  .00000753  00000+0  14823-2 0  9993
2 81599  67.2991 329.1761 0247932  97.2515 341.4186 13.29517688449052
UNKNOWN                 
1 81605U          23052.85456009  .00000908  00000+0  43506-2 0  9995
2 81605  56.4351 228.2866 0138282 183.4957 176.5012 12.78495716 54990
UNKNOWN                 
1 81614U 76077    23053.55808163  .00004592  00000+0  31104-1 0  9995
2 81614 101.8795  82.3984 0443077 224.5850 131.8755 12.23763284412036
UNKNOWN                 
1 81615U 92021    23054.86528347  .00002451  00000+0  87158-3 0  9995
2 81615  65.8284 268.5822 0824130 246.3799 104.8667 13.24923256446897
UNKNOWN                 
1 81617U 73086    23055.53105306  .00000358  00000+0  24123-2 0  9994
2 81617 101.2895 264.4713 0036975  98.1482 262.3790 12.56441325424675
UNKNOWN                 
1 81624U          23053.51138925  .00005836  00000+0  13342-2 0  9994
2 81624  66.9878  74.0074 0092465 356.1378   3.9009 14.53742663490036
UNKNOWN                 
1 81640U          23054.73577728  .00000148  00000+0  19119-3 0  9995
2 81640  65.8260  60.9191 0984348 132.4963 236.3589 12.55723756381559
UNKNOWN                 
1 81652U 76077    23051.55422774  .00000768  00000+0  96551-3 0  9995
2 81652 102.1731  77.5663 0378250 128.9895  21.3297 13.41918951440880
UNKNOWN                 
1 81661U          23052.51406400  .00021718  00000+0  50758-2 0  9999
2 81661  98.4290 335.8708 0063704  93.7253 267.1230 14.53410051385987
UNKNOWN                 
1 81667U          23054.94873326  .00003136  00000+0  10233-2 0  9997
2 81667  74.0440 135.5722 0019813 323.4710  36.5092 14.38933487309092
UNKNOWN                 
1 81674U          23054.41750784  .00001528  00000+0  97519-3 0  9995
2 81674  66.8248  52.3288 0034812 253.9350 257.6811 14.05951818469668
UNKNOWN                 
1 81678U          23054.87161174  .00058125  00000+0  54911-2 0  9991
2 81678  65.8272 224.3107 0041658 234.1193 197.6165 14.92697183496158
UNKNOWN                 
1 81683U          23055.35190761  .00002866  00000+0  80272-3 0  9996
2 81683  81.2181 282.4564 0029697 152.7921 207.4833 14.45647498487581
UNKNOWN                 
1 81693U 73086    23055.15063175  .00000841  00000+0  63334-2 0  9997
2 81693 101.0865 220.2136 0391617 209.3206 148.5354 12.23708814842577
UNKNOWN                 
1 81696U          23053.69118152  .00021881  00000+0  17347-2 0  9999
2 81696  97.4452 317.2964 0186454  66.8144 295.2593 14.87809956360485
UNKNOWN                 
1 81732U          23055.34844254  .00030502  00000+0  26883-2 0  9998
2 81732  65.7376 175.5244 0213549  31.6932 329.6833 14.80430438492647
UNKNOWN                 
1 81745U          23054.44149512  .00002387  00000+0  91187-3 0  9997
2 81745  71.0033  90.7129 0006815 334.0290  89.3676 14.31722988482862
UNKNOWN                 
1 81749U          23053.40271027  .00000188  00000+0  77770-3 0  9992
2 81749  99.6793 216.4978 0370246 289.3669  96.6334 12.77113004431225
UNKNOWN                 
1 81775U          23054.51445626  .00005140  00000+0  22833-2 0  9994
2 81775  82.9300 338.2546 0021323 129.2580 231.0499 14.22696409478955
UNKNOWN                 
1 81792U          23055.19541297  .00000610  00000+0  26022-3 0  9991
2 81792  65.8222 222.1317 0911454  15.2385 347.4241 13.05272618441403
UNKNOWN                 
1 81794U          23055.49491172  .00069842  00000+0  54634-2 0  9993
2 81794  81.1616  81.3546 0006270 116.5345 243.6518 15.00701321497370
UNKNOWN                 
1 81798U          23055.53697004  .00042019  00000+0  69154-2 0  9994
2 81798  74.0063 247.4891 0030926 203.5191 156.4568 14.70010465438302
UNKNOWN                 
1 81812U          23055.35413079  .00001255  00000+0  88114-2 0  9993
2 81812 103.5417 208.8057 0371514 177.5215 182.7785 12.30274128414481
UNKNOWN                 
1 81813U          23054.85427785  .00005170  00000+0  14440-2 0  9998
2 81813  99.0572 285.4890 0017186 292.5189  67.4181 14.46589465487266
UNKNOWN                 
1 81816U 77121    23055.12101454  .00001820  00000+0  14897-2 0  9996
2 81816  66.2395 315.5052 0177045 121.6295 240.2188 13.84828132467516
UNKNOWN                 
1 81817U          23053.61265447  .00043772  00000+0  38418-2 0  9991
2 81817  65.7220 147.3459 0260912 182.3886 177.6004 14.73753319494766
UNKNOWN                 
1 81818U          23045.76782152  .00005420  00000+0  11879-2 0  9996
2 81818  65.7523 172.4685 0656850  27.8838 335.5847 13.73228859505772
UNKNOWN                 
1 81819U          23053.67680375  .00000931  00000+0  67696-2 0  9990
2 81819 102.2003 126.6676 0037735 224.5575 135.2455 12.45839180420390
UNKNOWN                 
1 81824U          23053.84890031  .00006218  00000+0  29211-2 0  9992
2 81824  65.8489 215.3774 0044922 184.4089 175.6608 14.20144227478479
UNKNOWN                 
1 81833U          23055.22580083  .00000261  00000+0  92721-3 0  9998
2 81833  90.2627 339.9871 0025257 174.8637 185.2745 12.93154224320334
UNKNOWN                 
1 81838U          23053.36168873  .00005585  00000+0  17807-2 0  9990
2 81838  67.7700  23.6822 0044049 277.2502 235.8089 14.39803535485076
UNKNOWN                 
1 81844U          23055.17776126  .00007402  00000+0  35333-2 0  9998
2 81844  82.9246  28.2736 0081340  11.1369 349.1586 14.17370298477302
UNKNOWN                 
1 81845U          23054.84445782  .00002307  00000+0  31015-3 0  9996
2 81845  97.7510 271.2134 0103338  44.9722  18.6331 14.76546493498173
UNKNOWN                 
1 81864U          23052.41351202  .00002252  00000+0  95400-3 0  9998
2 81864  65.6756 292.1675 0778691  95.5378 273.4903 13.26802226414527
UNKNOWN                 
1 81865U 87062    23055.44247867  .00001561  00000+0  13795-2 0  9997
2 81865  82.8041  94.6500 0068631  21.5883  44.7676 13.83457472466978
UNKNOWN                 
1 81872U          23055.45136024  .00233221  00000+0  97706-2 0  9999
2 81872  61.9636 155.6716 1412604  28.9935 338.2534 12.61682775226265
UNKNOWN                 
1 81873U          23038.93179496  .00005580  00000+0  30336-2 0  9995
2 81873  99.0840  89.9430 0073245 140.6744 219.9778 14.11307358422519
UNKNOWN                 
1 81877U          23034.50503495  .00000367  00000+0  57672-3 0  9999
2 81877  65.9352 354.4279 0072115 234.5429 124.8882 13.60764709986001
UNKNOWN                 
1 81893U 70025    23055.02268209  .00000973  00000+0  11020-2 0  9991
2 81893  99.9610 339.9338 0019099  18.4366 341.7468 13.73141403463541
UNKNOWN                 
1 81899U          23052.95167888  .00000458  00000+0  12445-2 0  9993
2 81899 102.4336 321.7660 0177486 213.0518 145.9393 13.16739987443924
UNKNOWN                 
1 81902U          23055.06276065  .00095552  00000+0  10422-1 0  9992
2 81902  81.6223 184.3480 0232096 170.7504 189.8094 14.69846764488844
UNKNOWN                 
1 81905U          23055.57675601  .00472678  42017-4  79188-2 0  9992
2 81905  61.6358 123.5063 0523496 250.5508 103.8306 14.69208056549794
UNKNOWN                 
1 81946U 87079    23055.15018478  .00000870  00000+0  30685-2 0  9996
2 81946  66.4236 318.3231 0667690 125.8008  19.1346 12.42084039420852
UNKNOWN                 
1 81947U          23051.44732121  .00003978  00000+0  46642-3 0  9995
2 81947  66.0820 110.8979 0443949  43.6876 319.8469 14.34582097482899
UNKNOWN                 
1 81964U          23055.06011648  .00000293  00000+0  27675-3 0  9992
2 81964  66.5837 276.2104 0032974  32.2959 328.0129 13.94692470471374
UNKNOWN                 
1 81969U          23055.46520195  .00006483  00000+0  69778-3 0  9990
2 81969  86.6668 230.5551 0008218 241.7137 118.3260 14.88325501287139
UNKNOWN                 
1 81995U          23053.87716881  .00006305  00000+0  15035-2 0  9990
2 81995  65.7526 241.0461 0575170  83.3665 283.2501 13.85116416461490
UNKNOWN                 
1 82039U          23055.12685170  .00022813  00000+0  43770-2 0  9995
2 82039  99.0604 119.0998 0036576 295.9481  63.7951 14.63288900407984
UNKNOWN                 
1 82043U          23055.08940091  .00003085  00000+0  97332-3 0  9995
2 82043  97.9433 287.7477 0256065 258.1773  99.0587 14.23866197427911
UNKNOWN                 
1 82044U          23050.68992946  .00001507  00000+0  16037-2 0  9992
2 82044  99.9128 132.3463 0064976  50.6013 310.0864 13.75002891420652
UNKNOWN                 
1 82051U          23053.93093100  .00003683  00000+0  16292-2 0  9995
2 82051  98.8037 124.5005 0112966   1.5530 358.5976 14.20447201426346
UNKNOWN                 
1 82073U          23054.96610067  .00006059  00000+0  18029-2 0  9990
2 82073  97.6915 226.8853 0238596 143.1942 218.5892 14.28213075428608
UNKNOWN                 
1 82139U          23055.58455797  .00002014  00000+0  11736-2 0  9994
2 82139  99.1005 102.7572 0091369  36.9918 323.7504 14.07628575335939
UNKNOWN                 
1 82162U          23055.56365609  .00002872  00000+0  49805-2 0  9990
2 82162 100.3877 282.4348 0048150 175.2327 184.9269 13.44324753366520
UNKNOWN                 
1 82168U          23053.11897482  .00187507  00000+0  12237-1 0  9991
2 82168  73.9904 357.5232 0008215 224.9089 135.1438 15.06846845338305
UNKNOWN                 
1 82180U          23053.87484852  .00005256  00000+0  11003-2 0  9992
2 82180  65.6489 207.5123 0453852   9.5670 351.3695 14.11647609455367
UNKNOWN                 
1 82187U          23036.47553671  .00048009  00000+0  58614-2 0  9994
2 82187  70.9367 334.0624 0051770 289.3426  70.2137 14.82086396490398
UNKNOWN                 
1 82189U          23047.56588849  .00000884  00000+0  32623-3 0  9995
2 82189  74.0349 135.1300 0017480 219.4949 140.4930 14.33900296484697
UNKNOWN                 
1 82199U          23054.61216771  .00000590  00000+0  51431-3 0  9994
2 82199  82.9654 281.8991 0038470  59.9180 330.0295 13.83974454468083
UNKNOWN                 
1 82205U          23054.91355992  .00006922  00000+0  17017-2 0  9990
2 82205  63.0032 247.4689 0581216 190.4654 168.3855 13.82934394465989
UNKNOWN                 
1 82223U          23053.48414278  .00002467  00000+0  15368-2 0  9991
2 82223  99.3948 251.0894 0074900 302.3364  57.0565 14.04523828304643
UNKNOWN                 
1 82227U          23054.39899034  .00000106  00000+0  10962-2 0  9996
2 82227 101.9128  26.0802 0001521 195.4331 317.5889 12.42039078514117
UNKNOWN                 
1 82250U          23054.59363608  .00003332  00000+0  21220-2 0  9990
2 82250  98.9430 320.7427 0078996 182.4073 296.8444 14.02808087472650
UNKNOWN                 
1 82272U          23054.97858107  .00000349  00000+0  12254-2 0  9991
2 82272  67.5205 251.2041 0760296  40.0105 325.4443 12.32467900145855
UNKNOWN                 
1 82284U          23054.78873052  .00015104  00000+0  51659-2 0  9996
2 82284  99.5668 257.1532 0096804 149.4057 211.2819 14.33749349524889
UNKNOWN                 
1 82285U          23053.51735233  .00005044  00000+0  48767-2 0  9993
2 82285 101.9934 267.1681 0340197  11.5418 349.3272 13.57593832456112
UNKNOWN                 
1 82295U          23054.10377709  .00001131  00000+0  45741-3 0  9993
2 82295  66.6215 310.3381 0135174 226.3516 132.6310 14.26631277433475
UNKNOWN                 
1 82303U          23053.95242053  .00018784  00000+0  36686-1 0  9996
2 82303  81.9527 122.0276 0088150 169.8918   2.4433 13.34470642375616
UNKNOWN                 
1 82311U          23054.19708270  .00000693  00000+0  10706-2 0  9996
2 82311  99.4995 141.2657 0108846   3.7004 356.4914 13.52510924411852
UNKNOWN                 
1 82314U          23050.30367364  .00079766  00000+0  17291-2 0  9996
2 82314  99.2254 258.7498 0116739 318.2705  40.9672 15.37122622387273
UNKNOWN                 
1 82322U          23046.67335385  .00030310  00000+0  64079-2 0  9996
2 82322  98.5534 133.4812 0067920   3.9287 356.2430 14.57770033414670
UNKNOWN                 
1 82363U          23055.46419843  .00000606  00000+0  10660-2 0  9992
2 82363  66.9357 220.2357 0456385  97.3174 267.9958 13.14156670155868
UNKNOWN                 
1 82369U 99025    23050.34581865  .00000329  00000+0  25908-3 0  9993
2 82369  98.9841  81.8232 0083221 292.3592  66.8767 13.97225694413658
UNKNOWN                 
1 82381U          23054.48500760  .00008513  00000+0  25488-2 0  9991
2 82381  98.4701 253.7391 0016868  57.0093 303.2715 14.42992642361695
UNKNOWN                 
1 82383U          23051.16275267  .00069621  00000+0  55934-2 0  9992
2 82383  98.2520 124.9509 0005754 298.3241  61.7400 14.99698346394858
UNKNOWN                 
1 82402U          23055.43011826  .00005402  00000+0  59229-3 0  9996
2 82402  86.6672 230.8836 0008453 244.2813 115.7540 14.87537675301760
UNKNOWN                 
1 82410U          23041.97381652  .00000493  00000+0  57341-3 0  9994
2 82410  66.6592 303.0762 0063931 352.8294   7.1855 13.76291949444152
UNKNOWN                 
1 82428U          23055.55475605  .00037044  00000+0  22134-1 0  9996
2 82428  63.1651 121.3810 0133016  29.0869 331.7510 14.02614851278539
UNKNOWN                 
1 82432U 93036    23043.99362143  .00005231  00000+0  12784-2 0  9993
2 82432  74.0131 140.6830 0062608 197.9474 161.9478 14.51626897332566
UNKNOWN                 
1 82448U          23054.88248778  .00006150  00000+0  67399-3 0  9990
2 82448  85.8826  18.1654 0009090 329.8513  30.2188 14.87570305284241
UNKNOWN                 
1 82453U          23055.33846186  .00000010  00000+0  41146-3 0  9995
2 82453 102.0326   7.6800 0094074 298.6411  60.5217 12.39569693419372
UNKNOWN                 
1 82458U          23052.95613127  .00004409  00000+0  24173-2 0  9998
2 82458  66.5141 306.6149 0070524 336.3597  23.4253 14.11461698464863
UNKNOWN                 
1 82464U          23055.08229847  .00022861  00000+0  57580-2 0  9994
2 82464  70.9963 175.7709 0078014 259.1750 275.2188 14.49261213485963
UNKNOWN                 
1 82475U          23050.57595606  .00002400  00000+0  14109-2 0  9991
2 82475  99.1050  98.9362 0104710  86.0134 275.2996 14.06293767401532
UNKNOWN                 
1 82484U          23054.85883050  .00000191  00000+0  33591-3 0  9991
2 82484  99.4784 112.4468 0044875 260.7335  98.8726 13.55212196452050
UNKNOWN                 
1 82494U 93036    23054.38358333  .00010014  00000+0  24352-2 0  9991
2 82494  74.0216 196.8688 0009970 215.3327 144.7175 14.52867393333672
UNKNOWN                 
1 82500U          23054.46401533  .00002772  00000+0  15538-2 0  9996
2 82500  70.9748 346.3645 0144979 218.0445 141.0367 14.06318830474507
UNKNOWN                 
1 82517U          23055.28495939  .00019323  00000+0  46163-2 0  9996
2 82517  86.3833 158.2774 0013382  40.4019 319.8179 14.53490786275510
UNKNOWN                 
1 82524U          23055.15640619  .00004602  00000+0  19796-2 0  9993
2 82524  73.2905 312.0305 0172131 121.7510  28.5063 14.17299185431330
UNKNOWN                 
1 82529U          23055.08013089  .00000582  00000+0  98157-3 0  9997
2 82529  99.7935 160.6159 0244211 210.0383 325.8646 13.38963238452763
UNKNOWN                 
1 82545U          23046.28282727 -.00000026  00000+0  45758-3 0  9997
2 82545  64.8845  43.4119 0167061 132.2285 229.2953 11.30785584322288
UNKNOWN                 
1 82560U          23054.40959583  .00001358  00000+0  12161-2 0  9997
2 82560 100.0235 274.3358 0009969 111.9145  13.3447 13.86349611469868
UNKNOWN                 
1 82561U          23055.08097286  .00008619  00000+0  21446-2 0  9999
2 82561  63.1082 271.1625 0520835  22.1436  55.5256 13.93090304468883
UNKNOWN                 
1 82576U          23047.05066944  .00005969  00000+0  37710-2 0  9996
2 82576  99.2217  89.5621 0115229 329.2867  30.1588 14.01253443 89502
UNKNOWN                 
1 82597U          23055.12202378  .00002142  00000+0  81914-3 0  9995
2 82597  66.7742 306.1181 0105432 345.1129  14.6871 14.29511192482517
UNKNOWN                 
1 82616U          23052.40198978  .00104172  00000+0  69709-2 0  9998
2 82616  97.2657 110.2400 0058276  73.7512 287.0116 15.05058490414047
UNKNOWN                 
1 82617U          23055.25122993  .00000938  00000+0  26414-3 0  9991
2 82617  74.0305 358.6393 0041123 196.3192 163.6646 14.46758952488827
UNKNOWN                 
1 82627U          23055.53553264  .00001086  00000+0  29050-2 0  9995
2 82627  82.4730 256.2503 0007710 123.6900 265.3366 13.14263614444453
UNKNOWN                 
1 82642U          23052.55346720  .00001789  00000+0  11281-2 0  9995
2 82642  98.9999 323.6625 0143736 208.4201 150.9071 14.00551271472300
UNKNOWN                 
1 82683U 99057    23054.85063863  .00003095  00000+0  12706-2 0  9994
2 82683  98.1510 192.2239 0225951 136.7291 225.1881 14.14781310317361
UNKNOWN                 
1 82693U          23053.58685155  .00002479  00000+0  32670-2 0  9995
2 82693 100.5309 279.1903 0046881  35.1994 325.2226 13.61830834413981
UNKNOWN                 
1 82698U          23055.10679915  .00001875  00000+0  11932-2 0  9994
2 82698  61.6189 354.4754 0711716 278.0159  74.0729 13.22805205402769
UNKNOWN                 
1 82708U          23053.01974469  .00000683  00000+0  28687-2 0  9997
2 82708 102.1409 149.9002 0069411 193.2983 166.6278 12.87779625391479
UNKNOWN                 
1 82729U          23052.84217304  .00000982  00000+0  33927-2 0  9993
2 82729  67.9551 115.9045 0840957 351.3141   7.4035 12.16519311410485
UNKNOWN                 
1 82737U          23054.88557805  .00018687  00000+0  21070-1 0  9997
2 82737 102.8783 280.6512 0308002 239.6354 117.3984 13.52214609407228
UNKNOWN                 
1 82739U          23055.46610670  .00001539  00000+0  14080-2 0  9996
2 82739  99.0264 244.6744 0180856 142.3760 252.7106 13.77407540465111
UNKNOWN                 
1 82741U          23055.39666932  .00001828  00000+0  22813-2 0  9997
2 82741 102.8615 118.9905 0203896  22.0115 338.9617 13.58257431457898
UNKNOWN                 
1 82755U          23054.85676678  .00135047  00000+0  97393-2 0  9996
2 82755  99.8046 266.3121 0007662 336.7626  23.3245 15.03426361494287
UNKNOWN                 
1 82783U          23052.57738450  .00000500  00000+0  14737-2 0  9997
2 82783  90.3111   7.3281 0024716 357.3987   2.7007 13.07328230370328
UNKNOWN                 
1 82785U          23051.83143307  .00018681  00000+0  22540-2 0  9998
2 82785  63.1185  87.0908 0381022  61.6991 302.1973 14.43572704482732
UNKNOWN                 
1 82798U          23054.90022605  .00002361  00000+0  11926-2 0  9994
2 82798  82.9506 286.2941 0034669   1.9808   9.7101 14.15550735167303
UNKNOWN                 
1 82820U          23054.00433922  .00003068  00000+0  13596-2 0  9999
2 82820  99.8030  81.5627 0058118  28.2388 332.1918 14.23068728479484
UNKNOWN                 
1 82829U          23051.61668618  .00000309  00000+0  97582-2 0  9996
2 82829  65.0983 265.6527 0168040 202.2562 191.1912 11.28953031370235
UNKNOWN                 
1 82854U          23053.95199723  .00002640  00000+0  22768-2 0  9993
2 82854  82.6924 143.6527 0130672 288.3536  70.3448 13.82397728938446
UNKNOWN                 
1 82873U          23055.27717215  .00004239  00000+0  22731-2 0  9999
2 82873  99.9889 168.1215 0047583 219.4010 140.3694 14.13070650476258
UNKNOWN                 
1 82875U          23055.25884375  .00002533  00000+0  69139-3 0  9990
2 82875  98.6092  60.2562 0390615 331.6997  26.3436 14.11547108400043
UNKNOWN                 
1 82893U          23054.00691231  .00005078  00000+0  28509-2 0  9991
2 82893  98.9657 145.3493 0034373  98.3270 262.1800 14.10673045278696
UNKNOWN                 
1 82912U          23051.55601434  .00009610  00000+0  42759-2 0  9995
2 82912  65.8419 357.0193 0814729  15.2053 347.1966 13.17042614443660
UNKNOWN                 
1 82959U          23050.86566697  .00001891  00000+0  10753-2 0  9992
2 82959 100.1025  81.0355 0053385 173.2346 186.9553 14.10634541398866
UNKNOWN                 
1 82961U          23053.85945388  .00008434  00000+0  17562-1 0  9999
2 82961  99.9395 269.8657 0476334 203.6942 154.1559 12.96505596421766
UNKNOWN                 
1 82965U 70025    23055.55358807  .00001350  00000+0  19747-2 0  9998
2 82965 100.1885  90.6649 0002304 170.7528 189.3651 13.56714997385672
UNKNOWN                 
1 83903U          23054.81030013  .00000045  00000+0  00000+0 0  9990
2 83903   8.6779 300.6599 0128298 219.6932 331.0380  0.99112119 33520
UNKNOWN                 
1 83934U          23055.28147118 -.00000275  00000+0  00000+0 0  9997
2 83934   8.0725 306.0966 0218848 242.3601 318.8418  1.02663062 34781
UNKNOWN                 
1 83970U          23052.96731390  .00003163  00000+0  21936-2 0  9992
2 83970  18.3039 287.6258 5180839 185.0660 166.3968  5.19714713142241
UNKNOWN                 
1 83975U          23052.53254066 -.00000172  00000+0  00000+0 0  9994
2 83975  19.6828  22.3651 7013893 109.7164 334.0600  2.15287809 60268
UNKNOWN                 
1 84006U          23054.19536804 -.00000137  00000+0  00000+0 0  9998
2 84006  23.9520  14.4532 6125623  76.5255 341.3787  2.16229053 62084
UNKNOWN                 
1 84071U          23055.37415391  .00004969  00000+0  36914-2 0  9990
2 84071  20.3910 149.8027 6936525  57.0207 351.3083  2.68539325 76666
UNKNOWN                 
1 84079U          23047.96602725  .00005928  00000+0  80000-2 0  9994
2 84079  62.7682 273.2300 3953743 187.8902 163.4823  7.09643405231536
UNKNOWN                 
1 84136U          23055.59120617  .00580706  00000+0  14961-1 0  9995
2 84136  51.3225 134.8343 0816479  42.8581 323.3110 13.97548107399291
UNKNOWN                 
1 84170U 12008    23055.31875071  .00007939  00000+0  53892-2 0  9994
2 84170  21.0374  92.7902 6923334  60.9541 350.6535  2.70493559 66354
UNKNOWN                 
1 84188U          23055.54550085  .00060055  00000+0  11304+0 0  9999
2 84188  64.9865 205.7397 4696343 102.0922 312.6048  5.82956502177060
UNKNOWN                 
1 84230U          23040.70554925 -.00000070  00000+0  00000+0 0  9999
2 84230   0.0152 138.1538 0006533 137.9627 280.7794  1.00271537 26492
UNKNOWN                 
1 84232U 79104    23055.14249333  .00005087  00000+0  42492-2 0  9996
2 84232  20.3185 100.5390 6814427 156.7053 260.8944  2.83717727 73992
UNKNOWN                 
1 84236U          23055.11299925  .00003635  00000+0  12829-1 0  9995
2 84236   9.2059  82.5792 6946861 259.0336  22.0863  2.59573210175975
UNKNOWN                 
1 84292U          23054.55784849  .00019863  00000+0  50047-2 0  9993
2 84292  23.8589 113.1243 4764039 338.4779   6.8550  5.97302033165425
UNKNOWN                 
1 84346U          23054.98701134  .00005594  00000+0  13163-2 0  9990
2 84346  21.1125   9.3798 6845924 216.9170  66.9076  2.84542149 56935
UNKNOWN                 
1 84353U          23050.76209499 -.00000201  00000+0  00000+0 0  9991
2 84353  18.4736 222.0847 6699632  17.1572 357.3821  2.03738383 47189
UNKNOWN                 
1 84406U          23054.08146425  .00000778  00000+0  43926-2 0  9993
2 84406 101.6766 177.3877 0045082 254.2159 282.0057 12.65570637919722
UNKNOWN                 
1 84407U          23029.75708050 -.00000386  00000+0 -48457-2 0  9999
2 84407  18.9564 278.6674 7218598 206.2870  83.7182  2.05674189 54294
UNKNOWN                 
1 84415U          23054.72994557  .01718500  00000+0  30063-1 0  9998
2 84415  23.6951 284.6291 3249706 143.6592 243.5813  8.96503084 38924
UNKNOWN                 
1 84434U          23055.44344726  .00004478  00000+0  15419-1 0  9995
2 84434  20.6624   1.4557 7142313  46.4809 353.8852  2.35946055 61795
UNKNOWN                 
1 84452U          23055.23534556  .00007200  00000+0  11821-2 0  9994
2 84452   2.7711 227.8812 6139180  39.6519 351.9984  3.84571859115280
UNKNOWN                 
1 84480U          23053.00967806  .00020227  00000+0  99441-2 0  9994
2 84480  45.9062 187.9346 4509736 189.0840 158.8507  6.32362043193550
UNKNOWN                 
1 84565U          23050.79065009  .00002429  00000+0  66700-2 0  9991
2 84565   2.1916  62.5737 7213566 327.1754   3.7018  2.28683984 40102
UNKNOWN                 
1 84575U          23054.85628547 -.00000233  00000+0 -90356-2 0  9992
2 84575  17.9097 137.8047 7139949 118.9004 328.8182  2.19821700 42951
UNKNOWN                 
1 84597U          23052.43446062  .00004413  00000+0  18392-1 0  9999
2 84597  18.9222  51.7941 7279655 270.7244  14.4967  2.18901425 46118
UNKNOWN                 
1 84911U          23055.61754058  .00000478  00000+0  65547-2 0  9991
2 84911   1.5603 196.3953 6578090 156.2180 210.2153  2.95916311100275
UNKNOWN                 
1 84932U          23047.34112920  .00000065  00000+0  94321-3 0  9996
2 84932   2.3950  67.6875 6577715  45.3245  67.4248  2.98949818100894
UNKNOWN                 
1 84950U          23055.52549434 -.00000401  00000+0  00000+0 0  9991
2 84950   2.5802 349.1932 6988939 331.4128 111.1679  2.04326282 69101
UNKNOWN                 
1 84961U          23054.99800669 -.00000359  00000+0  00000+0 0  9995
2 84961   7.9658 293.8610 0124494 240.0853 118.6164  0.98631493 33365
UNKNOWN                 
1 85004U          23055.44415987  .00001831  00000+0  62705-3 0  9999
2 85004  98.3031  41.6530 0050433 351.4365 160.8768 14.36656732485044
UNKNOWN                 
1 85010U          23055.63333042  .00001318  00000+0  15008-2 0  9991
2 85010  99.3353 296.2230 0028059  47.4845 339.4148 13.71734236463628
UNKNOWN                 
1 85011U          23055.21294968  .00057696  00000+0  15199-1 0  9999
2 85011  70.9715  98.8558 0022933 283.6091  76.2495 14.48477155277428
UNKNOWN                 
1 85015U          23055.09109739  .00000993  00000+0  21234-3 0  9997
2 85015  74.0489 191.6904 0014809 356.9216   3.1856 14.60106796493242
UNKNOWN                 
1 85023U          23055.35723472  .00007152  00000+0  27647-2 0  9998
2 85023  99.8682 254.5331 0001745  51.0471  75.1255 14.30475868481026
UNKNOWN                 
1 85027U          23055.53548723  .00000198  00000+0  26609-3 0  9997
2 85027  66.0407  83.1079 0176171   8.7167 351.6886 13.73488749464192
UNKNOWN                 
1 85047U          23054.82438317  .00007744  00000+0  19575-1 0  9993
2 85047 102.3560 183.1444 0153330  95.9859 265.8742 13.15220021440827
UNKNOWN                 
1 85061U          23054.61382069  .00004792  00000+0  20981-1 0  9991
2 85061 102.4795 294.4807 0314739 358.1070  29.2850 12.66662916425748
UNKNOWN                 
1 85100U          23053.98116328  .00000490  00000+0  16659-3 0  9997
2 85100  74.0477 313.0121 0011469  76.1669 295.7134 14.39164037485996
UNKNOWN                 
1 85106U          23053.89007753  .00000762  00000+0  90863-3 0  9995
2 85106 100.1345  92.3884 0010734  98.4226  75.5098 13.70986649462678
UNKNOWN                 
1 85111U 73086    23054.85646915  .00000640  00000+0  44306-2 0  9996
2 85111 101.6846  24.7469 0010745 132.9372 227.2602 12.51155842337963
UNKNOWN                 
1 85151U 86019    23055.51289848  .00008312  00000+0  25213-2 0  9992
2 85151  98.4773 255.0213 0015686  44.4745 315.7701 14.42377680330677
UNKNOWN                 
1 85159U          23054.96299806  .00010247  00000+0  47844-2 0  9993
2 85159  98.8358 323.3535 0077441 284.4350  74.8240 14.18956478353991
UNKNOWN                 
1 85205U          23054.08417628  .00000212  00000+0  20089-3 0  9996
2 85205  82.9597 354.8658 0035278 272.6083 100.2504 13.76554338465523
UNKNOWN                 
1 85210U 75052    23053.80201753  .00000651  00000+0  68128-3 0  9993
2 85210  99.7829 162.6777 0220581  57.9714  91.9096 13.68826325461930
UNKNOWN                 
1 85217U          23055.40478821  .00001946  00000+0  60594-3 0  9998
2 85217  97.9407 217.2676 0235288 315.5269  42.7233 14.27320464481536
UNKNOWN                 
1 85220U          23055.56242130  .00015289  00000+0  36763-2 0  9996
2 85220  99.4066 276.5837 0155265  68.1317 293.6302 14.46316596484254
UNKNOWN                 
1 85237U          23054.08755412  .00003596  00000+0  90262-3 0  9995
2 85237  65.5448 342.0181 0578854 128.6727 236.7612 13.83065356465909
UNKNOWN                 
1 85238U          23054.13095866  .00000081  00000+0  10113-3 0  9995
2 85238  98.9544   7.2376 0064603  92.2056 280.8242 13.88021186468827
UNKNOWN                 
1 85246U          23055.19053472  .00001569  00000+0  61197-3 0  9998
2 85246  98.0786 142.4350 0237320  64.7216 297.8348 14.16621354478055
UNKNOWN                 
1 85266U          23054.10946313  .00006821  00000+0  76901-2 0  9999
2 85266  62.8024 329.6535 3553976 178.2764 183.5237  7.81443639260964
UNKNOWN                 
1 85370U          23052.88817080  .00001955  00000+0  17838-2 0  9993
2 85370  99.9814 193.6059 0011465 185.4664 326.8095 13.84599515467087
UNKNOWN                 
1 85373U          23055.56083544  .00001823  00000+0  14541-2 0  9996
2 85373 100.4017 308.7418 0051420  34.9560  83.0313 13.91987254469513
UNKNOWN                 
1 85383U          23054.50822422  .00015087  00000+0  37756-2 0  9996
2 85383  98.6429 159.2209 0098664 206.0254 153.5959 14.48616753437531
UNKNOWN                 
1 85386U          23036.79799554  .00015468  00000+0  35354-2 0  9994
2 85386  98.6486 156.0190 0103885 188.2976 325.3968 14.52485888485535
UNKNOWN                 
1 87014U          23054.19321944  .00002489  00000+0  43171-2 0  9997
2 87014 100.5353 314.0113 0045724 177.7711 336.6758 13.44538632453004
UNKNOWN                 
1 87029U 99025    23053.61377960  .00000958  00000+0  65036-3 0  9997
2 87029  98.8620 111.3546 0082785 227.7586 131.6537 14.00871453449432
UNKNOWN                 
1 87042U 00055    23053.90541928  .00000952  00000+0  61974-3 0  9997
2 87042  98.8304 118.6232 0045717  91.3602 269.2803 14.04296736410123
UNKNOWN                 
1 87051U 76126    23054.96879836  .00006269  00000+0  21008-2 0  9998
2 87051  65.7323 156.5040 0763161 241.3224 110.9061 13.37711902451374
UNKNOWN                 
1 87054U 75052    23055.25098765  .00006530  00000+0  43312-2 0  9998
2 87054 100.0795 166.1602 0017122 206.5756 153.4529 14.01700478472604
UNKNOWN                 
1 87065U 99025    23055.41804395  .00002294  00000+0  28028-2 0  9998
2 87065  98.6949  45.2970 0338502  41.7110 320.9311 13.45021780378968
UNKNOWN                 
1 87071U 68097    23055.34096837  .00004257  00000+0  16442-2 0  9994
2 87071  61.2233  27.7909 0566766 105.5757 260.8539 13.68192289461713
UNKNOWN                 
1 87074U 77121    23055.13962961  .00000414  00000+0  51660-3 0  9995
2 87074  66.1407 218.2899 0141269 111.4721 250.1474 13.70428707463006
UNKNOWN                 
1 87113U 76126    23055.47020891  .00011449  00000+0  16726-2 0  9990
2 87113  65.6625 224.0276 0327751  24.1583   8.1022 14.45525473484271
UNKNOWN                 
1 87129U 76077    23052.64185873  .00000210  00000+0  18639-2 0  9999
2 87129 102.3051 119.5554 0035805 173.1379 187.0181 12.42205716419351
UNKNOWN                 
1 87159U          23046.71279110  .00002282  00000+0  28170-2 0  9996
2 87159  90.3146  33.9327 0119131  68.3297 293.0498 13.61947494416142
UNKNOWN                 
1 87163U 76126    23055.45384725  .00009436  00000+0  29738-2 0  9992
2 87163  65.6007 215.3546 0694059 152.7196 211.2174 13.52641082438680
UNKNOWN                 
1 87164U          23055.17496530  .00003603  00000+0  99951-3 0  9993
2 87164  65.2091  19.1787 0126945 128.1712 233.0898 14.43193708487487
UNKNOWN                 
1 87203U          23054.33024154  .00030476  00000+0  54517-2 0  9999
2 87203  98.8874  12.2226 0048239 212.3036 147.5209 14.66020294403317
UNKNOWN                 
1 87204U          23055.57218021  .00002324  00000+0  10549-2 0  9993
2 87204  98.6390 286.3655 0051540  66.6322 294.0266 14.22088301479809
UNKNOWN                 
1 87211U          23052.54376832  .00004656  00000+0  16519-2 0  9993
2 87211  99.0108 344.1063 0065390 300.2814 234.5749 14.33760465560251
UNKNOWN                 
1 87214U 70025    23051.46216365  .00000930  00000+0  93711-3 0  9995
2 87214 100.3144 304.9043 0072768   3.9714 356.1998 13.79336894458522
UNKNOWN                 
1 87228U 99025    23026.35493800  .00016500  00000+0  51686-2 0  9996
2 87228  98.9270 170.4754 0040679 322.8854  36.9522 14.40208499453448
UNKNOWN                 
1 87235U          23055.27371673  .00004861  00000+0  17291-2 0  9996
2 87235  98.9781 214.9347 0148381 300.8784  57.7875 14.28838600439324
UNKNOWN                 
1 87237U 99025    23055.37725906  .00000348  00000+0  30292-3 0  9999
2 87237  99.3861  96.0625 0105746 159.2751 269.4887 13.90334403469627
UNKNOWN                 
1 87239U 81053    23055.42125380  .00007415  00000+0  29414-2 0  9994
2 87239  82.8842 212.2148 0029088 324.9727  34.9544 14.28477779480865
UNKNOWN                 
1 87245U 71015    23055.44143103  .00007985  00000+0  17995-2 0  9996
2 87245  65.6617 218.9528 0519915 255.6387 127.5775 13.97004445470484
UNKNOWN                 
1 87256U 99025    23034.01252821  .00000915  00000+0  56483-3 0  9999
2 87256  98.8287 102.4368 0044622  99.0414 261.5808 14.07343653436909
UNKNOWN                 
1 87271U 71015    23055.25301349  .00008648  00000+0  18592-2 0  9993
2 87271  65.7732  42.3190 0547047 234.0081 120.9098 13.93867498468501
UNKNOWN                 
1 87280U          23055.22835750  .00000438  00000+0  82801-3 0  9998
2 87280  64.6145 241.1640 0099251 149.2849 211.4050 13.47296071396038
UNKNOWN                 
1 87293U 71015    23055.04615616  .00005992  00000+0  14315-2 0  9997
2 87293  65.9081 294.4476 0511661 189.8330 169.2433 13.96417961470149
UNKNOWN                 
1 87300U 70025    23054.94010441  .00001963  00000+0  15176-2 0  9999
2 87300 100.0723 291.9265 0031317 125.8504 234.5569 13.93971825470358
UNKNOWN                 
1 87304U          23052.54868492  .00002228  00000+0  38266-3 0  9991
2 87304  74.0212 157.4995 0020286  23.4855 336.7237 14.69189987495613
UNKNOWN                 
1 87305U 93036    23055.33800158  .00025673  00000+0  41270-2 0  9995
2 87305  73.9939  32.0442 0025855  66.7642 293.6248 14.71263139323881
UNKNOWN                 
1 87320U 71015    23055.18761645  .00004607  00000+0  29946-2 0  9995
2 87320  66.6001 349.4672 0448770 342.0693  16.4960 13.63381202454023
UNKNOWN                 
1 87334U          23055.08059774  .00009800  00000+0  11419-1 0  9993
2 87334  90.0099 270.9612 0073746 147.3491 213.2261 13.67371241245448
UNKNOWN                 
1 87335U          23055.54238007  .00009635  00000+0  11269-1 0  9992
2 87335  89.9969 268.8975 0081078 115.8249 245.1303 13.66904588245567
UNKNOWN                 
1 87405U 81053    23054.23829104  .00001531  00000+0  12185-2 0  9992
2 87405  82.7573 142.5893 0049260  29.4132 330.9787 13.89987558468662
UNKNOWN                 
1 87410U 76077    23054.27328733  .00001466  00000+0  13687-1 0  9998
2 87410 102.2556 353.2033 0192126 102.3756 259.8871 12.20364334412114
UNKNOWN                 
1 87416U 81053    23052.48799501  .00007226  00000+0  27872-2 0  9992
2 87416  82.8347 134.0355 0015522  53.4080 306.8532 14.30071069462073
UNKNOWN                 
1 87426U          23055.15036810  .00006115  00000+0  30913-2 0  9996
2 87426  65.7898 193.2802 0063882 110.5535  61.9453 14.15754161477162
UNKNOWN                 
1 87433U          23055.34024841  .00002515  00000+0  48648-2 0  9990
2 87433 100.1868 198.9878 0056196 200.6308 159.2548 13.37221013295796
UNKNOWN                 
1 87448U 70025    23054.15660307  .00001482  00000+0  13298-2 0  9996
2 87448 100.4294 129.9349 0065097 321.3238  38.3261 13.85271527467257
UNKNOWN                 
1 87456U 76126    23055.22508771  .00014634  00000+0  26047-2 0  9997
2 87456  65.7877 234.5418 0600787 166.2239 195.6080 13.90505643468188
UNKNOWN                 
1 87468U 93036    23029.12400953  .00022902  00000+0  22471-2 0  9996
2 87468  74.0232 171.4723 0054368 200.0699 159.8347 14.91017429324059
UNKNOWN                 
1 87491U 99025    23054.00927561  .00018839  00000+0  37915-2 0  9993
2 87491  98.6179 150.2517 0059476  64.7754 295.9595 14.60467745433060
UNKNOWN                 
1 87501U 93036    23054.20524792  .00051206  00000+0  10891-1 0  9990
2 87501  74.0263 335.8857 0018794 261.0430  98.8607 14.58619650320513
UNKNOWN                 
1 87517U 76126    23054.08993557  .00003079  00000+0  10309-2 0  9993
2 87517  65.8290 179.4423 0711510  76.0675  88.3806 13.47931788454261
UNKNOWN                 
1 87541U 70025    23055.64272066  .00000002  00000+0  88255-4 0  9990
2 87541  99.8360 303.8331 0058770 209.3023 179.3181 13.35040401445621
UNKNOWN                 
1 87553U 76126    23055.15721177  .00003157  00000+0  10265-2 0  9997
2 87553  65.6720 290.6429 0738867 320.1740  34.7231 13.43982884453365
UNKNOWN                 
1 87557U 73086    23055.41851732  .00004173  00000+0  11020-1 0  9991
2 87557 101.8478 134.3918 0073020 121.7059 239.1193 13.15787559429980
UNKNOWN                 
1 87561U 76077    23052.48183757 -.00000010  00000+0  26900-3 0  9990
2 87561 102.1347 122.1555 0173830   6.7773   5.7901 12.32133821416166
UNKNOWN                 
1 87565U 99025    23052.90965461  .00001746  00000+0  10350-2 0  9996
2 87565  99.9025 302.5897 0182824  57.0842 304.7761 14.01102133472683
UNKNOWN                 
1 87569U 99025    23055.60698014 -.00000021  00000+0  13362-3 0  9990
2 87569 101.8579 187.5429 0056050 103.9360 323.8114 12.68487580428861
UNKNOWN                 
1 87587U 93036    23055.04740100  .00000479  00000+0  16313-3 0  9993
2 87587  74.0250 192.4652 0019780 118.1797 242.1358 14.39060203486644
UNKNOWN                 
1 87590U 99025    23055.59020925  .00000728  00000+0  45218-3 0  9990
2 87590  98.9098  99.9012 0026294 283.2486 230.2807 14.08078649 10280
UNKNOWN                 
1 87616U 76067    23054.25266431 -.00000186  00000+0 -43890-3 0  9990
2 87616  66.0390 358.3893 0639559 215.2025 300.9274 12.45208560408715
UNKNOWN                 
1 87624U 99025    23055.61984558  .00003328  00000+0  71046-3 0  9999
2 87624  98.7298 291.2905 0126245 159.9813 200.6400 14.54713006430994
UNKNOWN                 
1 87650U          23055.11209486  .00010351  00000+0  36439-2 0  9998
2 87650 100.2746   4.8118 0052613 325.0948  34.6785 14.34293149 40117
UNKNOWN                 
1 87664U 75052    23052.88066861  .00000554  00000+0  16082-2 0  9997
2 87664  99.7468  18.5244 0212084 155.5316 231.8751 13.06419515407512
UNKNOWN                 
1 87672U 93016    23055.21865532  .00004007  00000+0  18773-2 0  9994
2 87672  70.8630  40.6794 0061577  23.9334 336.4630 14.19779303478925
UNKNOWN                 
1 87681U          23055.12076034  .00001321  00000+0  15141-2 0  9998
2 87681  66.7404 354.0756 0153530 117.8830 243.7884 13.67802755461814
UNKNOWN                 
1 87690U 76126    23055.50970457  .00006763  00000+0  10955-2 0  9997
2 87690  65.7978  91.6793 0665394 201.7809 155.3715 13.81826172465224
UNKNOWN                 
1 87706U          23055.33315193  .00007368  00000+0  17031-2 0  9998
2 87706  98.5782 190.2486 0132391 162.9365 230.6501 14.50198479429640
UNKNOWN                 
1 87725U 81053    23055.25049887  .00010163  00000+0  31036-2 0  9999
2 87725  82.8946  56.1099 0032415 101.7885 258.6948 14.41496853484590
UNKNOWN                 
1 87727U 92093    23034.88564720  .01047945  00000+0  30660-1 0  9991
2 87727  70.9528  93.4850 0017225 324.4966  35.5069 15.32330489489708
UNKNOWN                 
1 87730U          23052.90869145  .00000129  00000+0  12096-3 0  9991
2 87730  82.9419 272.2312 0029637 342.1693  17.8419 13.74241025444566
UNKNOWN                 
1 87737U 99025    23054.94118135  .00000067  00000+0  11584-3 0  9997
2 87737  99.5279 290.2624 0133221 329.4606  29.8832 13.72073446463587
UNKNOWN                 
1 87764U 76126    23055.37498844  .00008058  00000+0  16018-2 0  9994
2 87764  65.6744  37.9265 0476888 229.1013 285.3745 14.09295588473826
UNKNOWN                 
1 87771U 75052    23054.25083486  .00000120  00000+0  40348-3 0  9993
2 87771 100.7059 217.7073 0120675 161.5458 199.0088 13.19128614400120
UNKNOWN                 
1 87782U 73086    23055.00667321  .00003194  00000+0  11808-1 0  9991
2 87782 102.4276 147.4865 0079984 150.9764 209.5809 12.92594322435453
UNKNOWN                 
1 87843U 70025    23054.49001441  .00001794  00000+0  44424-2 0  9991
2 87843  99.6691 246.8475 0248621 232.8113 125.0071 13.11307179429791
UNKNOWN                 
1 87845U          23055.25984682  .00000009  00000+0  69583-4 0  9994
2 87845  98.8542 205.2455 0584995  80.8296 285.8474 12.85267924433684
UNKNOWN                 
1 87878U          23049.83681284  .00002849  00000+0  11038-2 0  9993
2 87878  99.2004  95.9208 0041028  21.3065 338.9812 14.30402809463872
UNKNOWN                 
1 87883U 99025    23035.97740642  .00001051  00000+0  39021-3 0  9995
2 87883  99.2041 304.7763 0296985  63.9660 299.1769 14.12757048425104
UNKNOWN                 
1 87884U 99025    23055.60627825  .00000251  00000+0  16289-3 0  9997
2 87884  98.6348 189.8673 0157339  64.9858 296.7556 14.04685332474804
UNKNOWN                 
1 87898U 99025    23055.62015140  .00008780  00000+0  28899-2 0  9999
2 87898  98.9076 295.1975 0127436  10.2601 350.1139 14.33899515481476
UNKNOWN                 
1 87934U          23053.03291416  .00000136  00000+0  13145-3 0  9996
2 87934  82.9410 336.8446 0031165   7.0019   5.1845 13.72860434463705
UNKNOWN                 
1 87942U          23054.49813999  .00015494  00000+0  13636-2 0  9999
2 87942  99.0991  67.6946 0125257 156.2391 359.8353 14.90709554493541
UNKNOWN                 
1 87972U 99025    23055.05128299  .00028582  00000+0  81306-2 0  9993
2 87972  98.7988 352.9000 0140095 128.5677 232.8159 14.39624743429332
UNKNOWN                 
1 87991U 77065    23055.14694213  .00003249  00000+0  63849-2 0  9993
2 87991  28.6295 218.6241 0917183 289.0648  61.2818 12.30800450396746
UNKNOWN                 
1 87998U 99025    23047.31322338  .00001923  00000+0  11397-2 0  9994
2 87998  98.6674  84.4609 0026302 291.7751  68.0621 14.08590108403689
UNKNOWN                 
1 89003U          23049.48168265  .00000534  00000+0  19656-3 0  9999
2 89003  74.0457  99.6063 0014986  47.7664 312.4757 14.34927639483994
UNKNOWN                 
1 89005U          23055.15640419  .00003883  00000+0  10273-2 0  9993
2 89005  97.9500 311.2898 0215638 271.9621  85.6886 14.36432235386842
UNKNOWN                 
1 89029U          23053.87321069  .00003833  00000+0  50242-3 0  9999
2 89029  98.1767 281.4189 0031054  64.6472 295.7949 14.80613667498944
UNKNOWN                 
1 89037U          23051.65659795  .00003137  00000+0  17959-2 0  9996
2 89037  98.4514 359.3184 0135308 200.3150 159.2606 14.05641614377877
UNKNOWN                 
1 89048U          23049.26663677  .01235818  00000+0  41302-1 0  9998
2 89048  99.0287 341.3270 0030675 114.1885 246.2560 15.27838870488863
UNKNOWN                 
1 89067U          23054.78238371  .00029836  00000+0  85009-3 0  9995
2 89067  80.9881 344.7032 0518943 220.1553 136.0210 14.58754414433777
UNKNOWN                 
1 89074U          23054.94363999  .00004452  00000+0  50429-2 0  9990
2 89074 100.3064 108.8343 0049005 107.0628  66.8348 13.70438665448906
UNKNOWN                 
1 89101U          23053.71891858  .00000208  00000+0  75084-3 0  9995
2 89101 100.3415  17.7354 0146753 234.4019 124.3339 13.03708836421394
UNKNOWN                 
1 89123U          23054.23877841  .00009823  00000+0  43825-2 0  9992
2 89123  99.0627 167.0252 0060827 293.9076  65.5736 14.21949700381719
UNKNOWN                 
1 89132U          23052.25419977  .00001340  00000+0  12589-2 0  9993
2 89132  63.4393 152.5483 3045869 320.6011  20.8116  8.75560617234719
UNKNOWN                 
1 89135U          23054.97959817  .00008303  00000+0  37907-2 0  9996
2 89135  71.0621 315.5071 0129386   1.8997 358.2591 14.17417542476994
UNKNOWN                 
1 89142U          23055.39919168  .00172539  00000+0  10323+0 0  9999
2 89142  64.6601 160.2248 2727517  54.9189 327.8090  9.43545664 22750
UNKNOWN                 
1 89146U          23055.27542201  .00006181  00000+0  14816-2 0  9993
2 89146  98.2031 347.4438 0115825 342.9643  16.7676 14.49793026480098
UNKNOWN                 
1 89161U          23055.55644093  .00007423  00000+0  95373-3 0  9991
2 89161  97.7162  76.3543 0122279 251.2102 107.5811 14.76287041395643
UNKNOWN                 
1 89172U 81053    23055.02446870  .00006793  00000+0  15746-2 0  9999
2 89172  82.0730  75.5334 0404720 106.2776 258.3311 14.14891258455787
UNKNOWN                 
1 89177U          23050.43510929  .00000147  00000+0  14117-3 0  9993
2 89177  82.9226 310.6300 0033621 118.8199 241.6339 13.73466987921934
UNKNOWN                 
1 89183U          23054.25256628  .00000921  00000+0  87384-3 0  9993
2 89183  99.2169 339.2626 0133813 356.3128   3.7027 13.79636938465745
UNKNOWN                 
1 89184U          23055.40170490  .00008516  00000+0  25390-2 0  9990
2 89184  98.4663 254.9218 0018780  45.5134 314.7588 14.43174383343177
UNKNOWN                 
1 89195U          23049.64155499  .00004793  00000+0  20073-2 0  9999
2 89195  98.7559 121.8980 0028866 346.8685  13.1740 14.26256042380780
UNKNOWN                 
1 89206U          23053.53547914  .00006297  00000+0  24946-2 0  9996
2 89206  98.6855  82.6194 0026828 278.0745  81.7393 14.29015280339577
UNKNOWN                 
1 89213U          23055.55471625  .00000939  00000+0  64293-3 0  9990
2 89213  98.8781 326.8211 0233718  43.1401 318.7812 13.89542082310608
UNKNOWN                 
1 89218U          23053.76533283  .00001586  00000+0  14774-2 0  9992
2 89218 100.3832 257.3036 0108651 135.3031 225.6939 13.81195314452069
UNKNOWN                 
1 89251U          23055.51511612  .00004648  00000+0  33839-2 0  9991
2 89251  62.5011 203.0397 3043643  10.1789 354.8618  8.81510937280978
UNKNOWN                 
1 89255U          23051.50847335  .00001095  00000+0  14606-2 0  9998
2 89255  98.6604 309.8022 0360213 179.8895 180.2377 13.38391813357744
UNKNOWN                 
1 89261U          23050.82221306  .00001242  00000+0  40923-3 0  9999
2 89261  98.1821  80.8896 0013999  34.8233 325.3870 14.39743068385885
UNKNOWN                 
1 89281U          23055.37194683  .00024895  00000+0  59996-2 0  9991
2 89281  99.3248 211.0632 0016047 322.3721  68.2512 14.53110755486484
UNKNOWN                 
1 89304U          23054.29359615 -.00000426  00000+0 -19951-2 0  9998
2 89304  84.7996 352.3936 2696234 179.7058 351.2971  8.88703115346977
UNKNOWN                 
1 89314U          23054.77582497  .00004677  00000+0  10269-1 0  9990
2 89314  19.1745 267.5537 7117807 163.4065 244.8736  2.41198410 63097
UNKNOWN                 
1 89327U          23053.81451483  .00000798  00000+0  66228-3 0  9996
2 89327  82.5513  79.7601 0016552 124.7289 235.5434 13.87556727332473
UNKNOWN                 
1 89347U          23040.45772206  .04892654  00000+0  44202-1 0  9993
2 89347  86.2599  56.1337 0019648 118.8954 241.4287 15.63926671346187
UNKNOWN                 
1 89349U          23054.08531478  .00000380  00000+0  13146-2 0  9990
2 89349  90.2611 344.1604 0033192  72.0410 288.4323 12.95677304346162
UNKNOWN                 
1 89379U          23055.09629000  .00005115  00000+0  79516-2 0  9998
2 89379 100.5476 353.1978 0047362  90.0442 270.6117 13.50840218442116
UNKNOWN                 
1 89389U          23048.71778593  .00027930  00000+0  33788-2 0  9992
2 89389  74.0486 309.4419 0070930 254.4896 104.8441 14.81771256390708
UNKNOWN                 
1 89391U          23055.34484143  .00039399  00000+0  28302-2 0  9995
2 89391  97.4665 194.4687 0164523 249.7039 108.6434 14.93848129274179
UNKNOWN                 
1 89395U          23054.50929936  .00000208  00000+0  28182-2 0  9993
2 89395 102.3002  73.0625 0224035  69.6067  83.0201 12.01206978401866
UNKNOWN                 
1 89403U          23055.03900491 -.00000551  00000+0 -19259-2 0  9995
2 89403  90.2586 342.5716 0035109  52.0831 319.5545 12.97196610345164
UNKNOWN                 
1 89453U          23055.39092989  .00062867  00000+0  24741-2 0  9991
2 89453  97.3130 213.6079 0091696   7.6347 352.6260 15.21522805354119
UNKNOWN                 
1 89460U          23055.36444542  .00001790  00000+0  35396-2 0  9998
2 89460 100.2633 201.9847 0061457 208.4222 151.3546 13.36153227296519
UNKNOWN                 
1 89483U          23052.08733999  .00013580  00000+0  13118-2 0  9994
2 89483  99.4564 138.7491 0237711 318.2492  40.0783 14.74079286346366
UNKNOWN                 
1 89484U          23029.00306082  .00003810  00000+0  16638-1 0  9994
2 89484  84.9093  57.7015 2707543 263.9248  65.0310  8.88576923261421
UNKNOWN                 
1 89490U          23055.33973851  .00021987  00000+0  93085-2 0  9997
2 89490  98.4106  15.7114 0125677 357.9632   2.1019 14.21250300334597
UNKNOWN                 
1 89492U          23047.59527396  .00007190  00000+0  52588-2 0  9990
2 89492  82.5326 175.9963 0022811  53.6643 306.6625 13.95649654423471
UNKNOWN                 
1 89493U          23048.34327462  .00004393  00000+0  25196-2 0  9994
2 89493  99.1015  95.6049 0090773  56.4754 304.5045 14.07835326318697
UNKNOWN                 
1 89494U          23052.91240243  .00003156  00000+0  18177-2 0  9991
2 89494  99.0999 100.1888 0090999  43.6939 317.1387 14.07833763319192
