NOAA 15                 
1 25338U 98030A   23055.56353730  .00000213  00000+0  10717-3 0  9992
2 25338  98.6201  86.4765 0009283 283.4132  76.6013 14.26250307288955
NOAA 18                 
1 28654U 05018A   23055.54116328  .00000246  00000+0  15601-3 0  9991
2 28654  98.9202 130.4415 0013724 342.4892  17.5805 14.12869699915572
NOAA 19                 
1 33591U 09005A   23055.57166895  .00000202  00000+0  13358-3 0  9993
2 33591  99.1171  99.6182 0013709 196.0389 164.0350 14.12694042724041
METOP-B                 
1 38771U 12049A   23055.56152329  .00000173  00000+0  99169-4 0  9998
2 38771  98.6945 116.7417 0001204  73.3692  63.9022 14.21490571541559
SARAL                   
1 39086U 13009A   23055.54902200  .00000105  00000+0  55381-4 0  9997
2 39086  98.5455 242.4764 0000810 243.7817 116.3284 14.32139588522563
METOP-C                 
1 43689U 18087A   23055.57136740  .00000163  00000+0  94601-4 0  9995
2 43689  98.6990 116.8309 0003572  46.5778 313.5696 14.21494437223127
ANGELS                  
1 44876U 19092D   23055.49378637  .00005569  00000+0  26263-3 0  9998
2 44876  97.4759 241.0551 0011124 195.0128 165.0778 15.19832545176499
GAZELLE                 
1 54023U 22127A   23055.31570665 -.00000043  00000+0  00000+0 0  9992
2 54023  98.3193  56.0479 0012471 233.9706 126.0330 14.41736092 20111
EOS-6 (OCEANSAT-3)      
1 54361U 22158A   23055.57482289  .00000613  00000+0  18047-3 0  9999
2 54361  98.3487 154.0988 0001191  87.0711 273.0620 14.46991300 13057
