BEIJING 1               
1 28890U 05043A   23055.62073691  .00000633  00000+0  13640-3 0  9996
2 28890  98.1415 178.8304 0016284 104.1038 256.1979 14.61655247923976
HJ-1A                   
1 33320U 08041A   23055.54229583  .00001132  00000+0  16243-3 0  9992
2 33320  97.6556  81.4652 0022033 129.2403 231.0759 14.78163500779621
HJ-1B                   
1 33321U 08041B   23055.55367039  .00001553  00000+0  21807-3 0  9992
2 33321  97.6696  85.5505 0034506 148.0578 212.2708 14.78366796779626
YAOGAN 4                
1 33446U 08061A   23055.30038121  .00001981  00000+0  28211-3 0  9993
2 33446  97.8434 353.1481 0017240  42.8632 317.3919 14.77826877766785
DEIMOS-1                
1 35681U 09041A   23055.56075388  .00001071  00000+0  17667-3 0  9992
2 35681  97.6909 258.3709 0002549 108.9210 251.2278 14.72330950728862
UK-DMC 2                
1 35683U 09041C   23055.48365607  .00001509  00000+0  24879-3 0  9990
2 35683  97.7155 220.2751 0001158 100.3522 259.7820 14.71824014728572
RISAT 1                 
1 38248U 12017A   23055.60076503  .00006387  00000+0  35274-3 0  9995
2 38248  97.5481  69.4194 0005788 104.2051 255.9824 15.14257578596960
DMC3-FM1                
1 40715U 15032A   23055.53404147  .00001166  00000+0  15178-3 0  9999
2 40715  97.8174 301.9635 0007253  62.4790 297.7150 14.82476687410635
DMC3-FM2                
1 40716U 15032B   23055.48931943  .00001166  00000+0  15171-3 0  9996
2 40716  97.8219 302.6968 0009183  63.5668 296.6454 14.82491012410637
DMC3-FM3                
1 40717U 15032C   23055.51082472  .00001156  00000+0  15050-3 0  9990
2 40717  97.8257 303.7420 0010716  61.9001 298.3277 14.82466582410638
