SAUDISAT 1C             
1 27607U 02058C   23055.50660887  .00001741  00000+0  25571-3 0  9997
2 27607  64.5527 250.2783 0077629 246.5875 112.7052 14.76788868 85585
SAUDISAT 2              
1 28371U 04025F   23055.38823563  .00000768  00000+0  18940-3 0  9990
2 28371  98.4157  18.1429 0026375  51.4290 308.9268 14.54766614989912
SAUDISAT 3              
1 31118U 07012B   23055.39708408  .00000607  00000+0  11025-3 0  9992
2 31118  98.0013   1.7940 0016426 111.6187 248.6771 14.69530064850109
PISAT                   
1 41784U 16059B   23055.46458926  .00001310  00000+0  25487-3 0  9997
2 41784  97.8853  93.6105 0032899  92.3752 268.1219 14.64345297342563
FLYING LAPTOP           
1 42831U 17042G   23055.55103797  .00001789  00000+0  17886-3 0  9991
2 42831  97.3977 260.0588 0012374 242.2575 117.7393 14.92561403305683
SALSAT                  
1 46495U 20068K   23055.31816126  .00006098  00000+0  41818-3 0  9994
2 46495  97.7594   2.3254 0017235 137.9077 222.3477 15.06277696132078
