PROBA-1                 
1 26958U 01049B   23055.52690909  .00003356  00000+0  27980-3 0  9994
2 26958  97.8611  20.9912 0068380 221.7231 137.8765 14.97506389162110
BIRD 2                  
1 26959U 01049C   23055.53724972  .00042021  00000+0  61071-3 0  9995
2 26959  97.7630 171.0323 0005175 182.3223 177.8007 15.55663341492195
CUTE-1 (CO-55)          
1 27844U 03031E   23055.51501914  .00000500  00000+0  24274-3 0  9999
2 27844  98.6808  64.4165 0010996  92.2500 267.9937 14.22642041 19712
CUBESAT XI-IV (CO-57)   
1 27848U 03031J   23055.48793268  .00000421  00000+0  20962-3 0  9996
2 27848  98.6847  64.8455 0010856 105.5471 254.6906 14.22171911 19481
GENESIS 1               
1 29252U 06029A   23055.19183964  .00011013  00000+0  44973-3 0  9998
2 29252  64.5224 322.7913 0039674 224.7019 135.0908 15.24074947917282
GENESIS 2               
1 31789U 07028A   23055.25808266  .00012595  00000+0  51740-3 0  9998
2 31789  64.4975   6.4271 0059220 277.3767  82.0631 15.22893091864190
APRIZESAT 4             
1 35684U 09041D   23055.65003330  .00001089  00000+0  14907-3 0  9996
2 35684  98.2972  82.8002 0045120 262.2640  97.3446 14.80054090732410
APRIZESAT 3             
1 35686U 09041F   23055.23417643  .00002255  00000+0  23662-3 0  9992
2 35686  98.0960 152.4742 0072277  83.3505 277.5931 14.88660616736057
PROBA-2                 
1 36037U 09059B   23055.48411922  .00000446  00000+0  11758-3 0  9996
2 36037  98.2238 242.3756 0014324  54.8562 305.3974 14.53426443705869
APRIZESAT 5             
1 37792U 11044E   23055.56431890  .00001400  00000+0  20554-3 0  9992
2 37792  98.2929 302.9548 0055978 280.7110  78.7799 14.76210423620323
APRIZESAT 6             
1 37793U 11044F   23055.54179375  .00001065  00000+0  17122-3 0  9992
2 37793  98.3712 280.7699 0045956 338.2705  58.4454 14.73149925618975
PROBA-V                 
1 39159U 13021A   23055.64318469  .00000056  00000+0  42910-4 0  9990
2 39159  98.3321  83.4573 0005342  77.7846 282.3932 14.23082261509190
STPSAT-3                
1 39380U 13064A   23055.34222546  .00457428  82106-4  16270-2 0  9999
2 39380  40.4934 295.0762 0017661 298.9061  60.9999 15.87788232518531
APRIZESAT 7             
1 39416U 13066A   23055.54490558  .00002000  00000+0  23691-3 0  9999
2 39416  97.6063  28.5973 0038598 246.5058 113.2099 14.85111125501474
APRIZESAT 8             
1 39425U 13066K   23055.52531996  .00001889  00000+0  23867-3 0  9998
2 39425  97.6641  20.5843 0049378 295.9226  63.6904 14.82189399500294
BUGSAT-1 (TITA)         
1 40014U 14033E   23055.54597118  .00004366  00000+0  36972-3 0  9993
2 40014  98.1476  69.5129 0028623 283.8560  75.9477 14.98265038473864
SAUDISAT 4              
1 40016U 14033G   23055.47184377  .00000932  00000+0  14013-3 0  9993
2 40016  97.6371 241.4442 0048763  44.7787 315.7343 14.75910496467584
APRIZESAT 9             
1 40018U 14033J   23055.39263438  .00001337  00000+0  21887-3 0  9999
2 40018  97.7369 217.8502 0071627 124.1008 236.7023 14.70645327465670
APRIZESAT 10            
1 40019U 14033K   23055.65148608  .00001316  00000+0  22790-3 0  9991
2 40019  97.7964 208.3708 0083646 170.8367 189.4389 14.67648758464962
TDS 1                   
1 40076U 14037H   23055.30485113  .00006089  00000+0  68178-3 0  9997
2 40076  98.3587 306.4559 0006533 351.0792   9.0305 14.87259462467119
TIANTUO 2               
1 40144U 14053B   23055.57687737  .00012741  00000+0  30121-3 0  9995
2 40144  97.1700 135.7555 0009909  14.6303  92.5044 15.41903310473885
TECHNOSAT               
1 42829U 17042E   23055.54893183  .00002563  00000+0  25230-3 0  9995
2 42829  97.3966 259.7157 0012487 241.5923 118.4039 14.92833411305685
FLYING LAPTOP           
1 42831U 17042G   23055.55103797  .00001789  00000+0  17886-3 0  9991
2 42831  97.3977 260.0588 0012374 242.2575 117.7393 14.92561403305683
HAWK-A                  
1 43765U 18099H   23055.50998153  .00003651  00000+0  31055-3 0  9998
2 43765  97.5850 121.8732 0015133 142.7404 217.4871 14.98351597230861
HAWK-B                  
1 43794U 18099AN  23055.17643697  .00004448  00000+0  37724-3 0  9997
2 43794  97.5851 121.5485 0015165 144.1587 216.0656 14.98353748230809
HAWK-C                  
1 43799U 18099AT  23055.51015651  .00003714  00000+0  31581-3 0  9993
2 43799  97.5848 121.7761 0015122 142.6873 217.5403 14.98355021231604
SALSAT                  
1 46495U 20068K   23055.31816126  .00006098  00000+0  41818-3 0  9994
2 46495  97.7594   2.3254 0017235 137.9077 222.3477 15.06277696132078
