STARLETTE               
1 07646U 75010A   23055.56189667 -.00000155  00000+0 -80904-5 0  9997
2 07646  49.8222 195.1467 0205628  30.3698 330.8925 13.82316741427354
LAGEOS 1                
1 08820U 76039A   23055.58231472 -.00000004  00000+0  00000+0 0  9993
2 08820 109.8319 125.3848 0045091 201.5779 338.5136  6.38664875835954
AJISAI (EGS)            
1 16908U 86061A   23055.58026479 -.00000100  00000+0 -20342-4 0  9998
2 16908  50.0072 263.7832 0011285 345.0571  44.6748 12.44499231329896
COSMOS 1989 (ETALON 1)  
1 19751U 89001C   23055.27721396 -.00000003  00000+0  00000+0 0  9995
2 19751  64.3710 113.7195 0024001 214.3116 160.9408  2.13156234265602
COSMOS 2024 (ETALON 2)  
1 20026U 89039C   23055.57238138 -.00000084  00000+0  00000+0 0  9992
2 20026  65.4990 351.8353 0018665 218.7260 334.9634  2.13204242262737
LAGEOS 2                
1 22195U 92070B   23054.67150831 -.00000009  00000+0  00000+0 0  9990
2 22195  52.6683 311.0589 0138672  18.6288 218.9763  6.47293629717119
STELLA                  
1 22824U 93061B   23055.56131789 -.00000041  00000+0  20720-5 0  9993
2 22824  98.9437  87.5795 0007049 138.8741  32.2776 14.27399437532346
LARES                   
1 38077U 12006A   23055.52692748 -.00000055  00000+0 -10490-3 0  9990
2 38077  69.4924 196.7393 0006695 111.9749 248.1993 12.54931226505536
