GOES 1 (SMS-C) [-]      
1 08366U 75100A   23055.54793785 -.00000150  00000+0  00000+0 0  9994
2 08366   7.6624 292.5482 0001518 329.8440 353.0429  1.00230007172949
GOES 2 [-]              
1 10061U 77048A   23052.93614866 -.00000172  00000+0  00000+0 0  9998
2 10061   9.2822 304.4790 0012793  29.7041 152.2433  0.99401142 34237
GOES 3 [-]              
1 10953U 78062A   23055.46909858 -.00000149  00000+0  00000+0 0  9998
2 10953   9.6263 309.1330 0001530 117.0198  74.2927  0.99364960116523
GOES 4 [-]              
1 11964U 80074A   23055.61447201 -.00000283  00000+0  00000+0 0  9992
2 11964  10.6055 312.9645 0033328  79.0005 109.9449  0.99231510115632
GOES 5 [-]              
1 12472U 81049A   23055.22173721 -.00000279  00000+0  00000+0 0  9995
2 12472  11.5208 324.5344 0000329  42.2358 155.8411  1.00242241110720
GOES 6 [-]              
1 14050U 83041A   23055.25299652 -.00000226  00000+0  00000+0 0  9990
2 14050  12.1191 329.8996 0002867 137.2094  53.3510  1.00233047203891
GOES 7 [-]              
1 17561U 87022A   23055.28883521 -.00000152  00000+0  00000+0 0  9998
2 17561  14.0245 346.5145 0005225  55.9205 124.5703  0.99892002114889
GOES 8 [-]              
1 23051U 94022A   23055.50034815 -.00000076  00000+0  00000+0 0  9991
2 23051  13.3915  22.4112 0006209  20.5722 132.7745  0.98906045112174
GOES 9 [-]              
1 23581U 95025A   23055.09088140 -.00000146  00000+0  00000+0 0  9995
2 23581  12.8878  22.8390 0004373  96.7844  80.6771  0.98801383100813
GOES 10 [-]             
1 24786U 97019A   23054.22417078 -.00000252  00000+0  00000+0 0  9996
2 24786  11.7052  29.1247 0026720 208.8179 339.4252  0.99126604 94077
GOES 11 [-]             
1 26352U 00022A   23055.60959752 -.00000274  00000+0  00000+0 0  9992
2 26352   9.2186  57.2849 0002169 259.3509 187.7478  0.99044087 40504
GOES 12 [-]             
1 26871U 01031A   23055.60959747 -.00000287  00000+0  00000+0 0  9997
2 26871   9.9711  46.5012 0006206 320.1056 136.7090  0.99138641 78789
EWS-G1 (GOES 13) [+]    
1 29155U 06018A   23055.43868937  .00000029  00000+0  00000+0 0  9999
2 29155   1.2358  92.4016 0003743 176.5886 104.1610  1.00272660 31251
GOES 14 [B]             
1 35491U 09033A   23055.45239589 -.00000079  00000+0  00000+0 0  9992
2 35491   0.0723 139.5556 0004173 256.5814 172.7118  1.00275493 49995
GOES 15 [B]             
1 36411U 10008A   23055.52742029  .00000044  00000+0  00000+0 0  9996
2 36411   0.0818  92.9880 0001687  80.2969  42.5797  1.00276598 47548
GOES 16 [+]             
1 41866U 16071A   23054.54771597 -.00000259  00000+0  00000+0 0  9994
2 41866   0.0820 279.5108 0000620  76.4108 279.2057  1.00271420 22983
GOES 17 [+]             
1 43226U 18022A   23055.54717622 -.00000100  00000+0  00000+0 0  9999
2 43226   0.0103  97.5418 0001256 270.9331 237.9697  1.00269919 18308
GOES 18 [+]             
1 51850U 22021A   23055.33833093  .00000087  00000+0  00000+0 0  9996
2 51850   0.0030 117.7607 0000298 206.8019 174.1532  1.00272989  3664
