GORIZONT 1 [-]          
1 11158U 78118A   23054.78411046 -.00000246  00000+0  00000+0 0  9997
2 11158  11.1001 195.3830 3411692 295.1634  33.3077  1.00295767110818
GORIZONT 2 [-]          
1 11440U 79062A   23054.82768686 -.00000123  00000+0  00000+0 0  9994
2 11440   8.6958 298.9301 0002398 331.2713 257.6602  1.00307015125892
GORIZONT 3 [-]          
1 11648U 79105A   23054.67795323 -.00000332  00000+0  00000+0 0  9995
2 11648   8.8597 300.4100 0011971 218.6596 339.7983  1.00318607110351
GORIZONT 4 [-]          
1 11841U 80049A   23055.21595397 -.00000055  00000+0  00000+0 0  9991
2 11841  10.0220 306.3702 0001239  25.8251 178.0312  0.98628332221627
GORIZONT 5 [-]          
1 13092U 82020A   23055.24911019 -.00000024  00000+0  00000+0 0  9994
2 13092  11.0359 311.7306 0033305 217.8696 343.3312  0.98530536109682
GORIZONT 6 [-]          
1 13624U 82103A   23055.49977806  .00000091  00000+0  00000+0 0  9993
2 13624   9.9657 311.8043 0000636  72.9884 166.9397  1.00356179108829
GORIZONT 7 [-]          
1 14160U 83066A   23054.67943501 -.00000101  00000+0  00000+0 0  9995
2 14160  11.6670 321.3395 0009948 325.1145 220.1299  0.98347533142859
GORIZONT 8 [-]          
1 14532U 83118A   23055.44433852 -.00000109  00000+0  00000+0 0  9993
2 14532  11.8497 323.2162 0029830 153.4532 133.5045  0.98269730108623
GORIZONT 9 [-]          
1 14940U 84041A   23054.97410782  .00000054  00000+0  00000+0 0  9994
2 14940  11.0386 321.2093 0004015 216.2912  23.7341  1.00243501109817
GORIZONT 10 [-]         
1 15144U 84078A   23055.48460642  .00000084  00000+0  00000+0 0  9991
2 15144  11.1392 322.2294 0000664  91.1853 104.9132  1.00282143142458
GORIZONT 11 [-]         
1 15484U 85007A   23055.51932522 -.00000304  00000+0  00000+0 0  9992
2 15484  11.3293 324.2324 0002822 145.1137   9.5310  1.00309403140518
GORIZONT 12 [-]         
1 16769U 86044A   23054.88868913  .00000122  00000+0  00000+0 0  9999
2 16769  11.9835 329.6634 0000621 269.4655 273.7906  1.00268102135134
GORIZONT 13 [-]         
1 17083U 86090A   23055.49112383 -.00000176  00000+0  00000+0 0  9991
2 17083  13.8966 336.9208 0014037 346.3553 168.4892  0.96727314106957
GORIZONT 14 [-]         
1 17969U 87040A   23055.54419564 -.00000171  00000+0  00000+0 0  9992
2 17969  12.7857 328.2369 0030461 177.7859 340.6585  0.97659853108052
GORIZONT 15 [-]         
1 19017U 88028A   23054.95986993 -.00000131  00000+0  00000+0 0  9990
2 19017  14.2074 339.7036 0036552 160.9642  23.5551  0.97828433107674
GORIZONT 16 [-]         
1 19397U 88071A   23053.76229814 -.00000197  00000+0  00000+0 0  9991
2 19397  13.0567 338.3845 0014660  64.4748 114.9829  0.99965244126132
GORIZONT 17 [-]         
1 19765U 89004A   23054.83311185 -.00000023  00000+0  00000+0 0  9997
2 19765  13.6243 341.7565 0022641 135.1227  62.4074  0.99063399123597
GORIZONT 18 [-]         
1 20107U 89052A   23055.15299021 -.00000285  00000+0  00000+0 0  9992
2 20107  13.6779 343.0052 0033920 323.1969 229.2511  0.99403850122399
GORIZONT 19 [-]         
1 20263U 89081A   23054.74285407 -.00000344  00000+0  00000+0 0  9990
2 20263  13.4034 342.1724 0003160 211.2501 329.2468  1.00330182122361
GORIZONT 20 [-]         
1 20659U 90054A   23054.83146764 -.00000130  00000+0  00000+0 0  9996
2 20659  13.8595 344.9833 0006446 169.3520  16.0454  1.00222925119560
GORIZONT 21 [-]         
1 20923U 90094A   23055.15264154 -.00000265  00000+0  00000+0 0  9993
2 20923  13.8787 345.7450 0003695 207.9886 339.1360  1.00323703118322
GORIZONT 22 [-]         
1 20953U 90102A   23054.69216367 -.00000381  00000+0  00000+0 0  9996
2 20953  13.8397 346.1237 0002880  30.8822 148.3974  1.00205210118242
GORIZONT 23 [-]         
1 21533U 91046A   23055.61554578 -.00000277  00000+0  00000+0 0  9995
2 21533  14.6319 350.2974 0004078 325.5229 221.0103  0.98911636 34736
GORIZONT 24 [-]         
1 21759U 91074A   23055.22868376 -.00000143  00000+0  00000+0 0  9999
2 21759  14.8017 352.2265 0017501 229.8607 314.1273  0.98443483113054
GORIZONT 25 [-]         
1 21922U 92017A   23053.74612911 -.00000275  00000+0  00000+0 0  9992
2 21922  14.3410 351.5334 0028993  85.7652  86.8129  0.99846065112857
GORIZONT 26 [-]         
1 22041U 92043A   23055.29725436 -.00000139  00000+0  00000+0 0  9992
2 22041  14.5263 353.5535 0030355 240.5803 308.9137  0.99241636111474
GORIZONT 27 [-]         
1 22245U 92082A   23055.09424545  .00000009  00000+0  00000+0 0  9991
2 22245  14.4419 353.1068 0012532  14.5296 188.2964  1.00201575115002
GORIZONT 28 [-]         
1 22880U 93069A   23055.63819645 -.00000101  00000+0  00000+0 0  9995
2 22880  14.6118 356.9927 0033777 136.1100  70.2933  0.99658395107098
GORIZONT 29 [-]         
1 22907U 93072A   23055.28731123 -.00000243  00000+0  00000+0 0  9991
2 22907  14.5189 356.4356 0010424 352.1565 188.8586  1.00121603107062
GORIZONT 30 [-]         
1 23108U 94030A   23055.61345748 -.00000352  00000+0  00000+0 0  9992
2 23108  14.5384 357.3275 0000831 163.8756 346.6861  1.00222354105347
GORIZONT 31 [-]         
1 23775U 96005A   23055.08748197 -.00000125  00000+0  00000+0 0  9990
2 23775  14.5028   3.5948 0018304 205.6330 333.0527  0.99899697 98972
GORIZONT 32 [-]         
1 23880U 96034A   23055.62236198 -.00000095  00000+0  00000+0 0  9998
2 23880  14.4562   4.0887 0008271   0.4771 180.3585  1.00221923 97926
GORIZONT 33 [-]         
1 26372U 00029A   23055.17202233 -.00000144  00000+0  00000+0 0  9994
2 26372  13.2595  15.3985 0002548  80.8916 104.6892  1.00289835 83309
