GALAXY 25 (G-25)        
1 24812U 97026A   23055.17504292  .00000042  00000+0  00000+0 0  9990
2 24812   4.3185  81.1244 0007510 307.7004 264.5868  0.99031452 94234
INTELSAT 5 (IS-5)       
1 24916U 97046A   23055.62309574 -.00000072  00000+0  00000+0 0  9997
2 24916   7.7661  59.2501 0003721 247.8979 237.5418  1.00272958 93503
GALAXY 11 (G-11)        
1 26038U 99071A   23055.54940115 -.00000172  00000+0  00000+0 0  9998
2 26038   3.6640  84.7208 0000787 325.0848 209.0097  1.00272082 84967
INTELSAT 9 (IS-9)       
1 26451U 00043A   23055.45216404 -.00000297  00000+0  00000+0 0  9993
2 26451   7.7516  59.4413 0002217 254.3717 313.0173  1.00271939 32020
INTELSAT 1R (IS-1R)     
1 26608U 00072A   23055.34910542 -.00000149  00000+0  00000+0 0  9997
2 26608   5.0459  77.4225 0001115 343.5393  15.7596  1.00272195 29193
INTELSAT 10 (IS-10)     
1 26766U 01019A   23055.60812302  .00000024  00000+0  00000+0 0  9999
2 26766   6.1772  71.1695 0002714 261.9407 217.8062  1.00271528 33507
INTELSAT 901 (IS-901)   
1 26824U 01024A   23055.42549348 -.00000212  00000+0  00000+0 0  9997
2 26824   0.0496 277.6046 0001118  65.3478 296.7434  1.00270967 10861
INTELSAT 902 (IS-902)   
1 26900U 01039A   23055.29323844 -.00000292  00000+0  00000+0 0  9992
2 26900   3.0394  86.2013 0001915 243.7387 239.4172  1.00272195 78570
INTELSAT 904 (IS-904)   
1 27380U 02007A   23055.44080854 -.00000224  00000+0  00000+0 0  9994
2 27380   3.8690  83.2364 0003098 253.5444 306.4338  1.00271683 39648
DIRECTV 5 (TEMPO 1)     
1 27426U 02023A   23055.53791859 -.00000066  00000+0  00000+0 0  9991
2 27426   1.7694  90.2621 0003340 249.0107 258.3737  1.00272463 76185
INTELSAT 905 (IS-905)   
1 27438U 02027A   23055.44176734 -.00000195  00000+0  00000+0 0  9990
2 27438   3.6919  83.9469 0002660 247.0037 317.6177  1.00271744 39246
GALAXY 3C (G-3C)        
1 27445U 02030A   23055.54861517 -.00000161  00000+0  00000+0 0  9996
2 27445   0.6136  92.1996 0000699 237.2297 287.3312  1.00271490 34379
INTELSAT 906 (IS-906)   
1 27513U 02041A   23055.45946181  .00000004  00000+0  00000+0 0  9990
2 27513   2.7101  87.5830 0003031 231.4893  64.5154  1.00272428 74900
GALAXY 12 (G-12)        
1 27715U 03013B   23055.52384993  .00000048  00000+0  00000+0 0  9997
2 27715   3.9022  82.9097 0002118 262.4540 228.3301  1.00271583 39974
GALAXY 23 (G-23)        
1 27854U 03034A   23055.36833948  .00000003  00000+0  00000+0 0  9996
2 27854   0.0708 103.9419 0002660 249.9344 171.7037  1.00272545 71627
GALAXY 13 (HORIZONS-1)  
1 27954U 03044A   23055.52834851  .00000039  00000+0  00000+0 0  9999
2 27954   0.0250 243.2636 0001806 100.6011 233.4436  1.00273178 34456
INTELSAT 10-02          
1 28358U 04022A   23055.23660486 -.00000021  00000+0  00000+0 0  9996
2 28358   0.0417 290.7269 0000903  47.0213 260.2610  1.00271823 68425
XM-3 (RHYTHM)           
1 28626U 05008A   23055.48221789 -.00000214  00000+0  00000+0 0  9999
2 28626   0.0368 281.8776 0000302 262.6582  58.0306  1.00267530 30502
DIRECTV 8               
1 28659U 05019A   23055.53070715 -.00000008  00000+0  00000+0 0  9995
2 28659   0.0196 109.6312 0002950 235.1098 241.3798  1.00271404 64951
GALAXY 28 (G-28)        
1 28702U 05022A   23055.47677003 -.00000195  00000+0  00000+0 0  9991
2 28702   0.1743  91.3061 0003247 254.5617 250.8624  1.00271397 39865
GALAXY 14 (G-14)        
1 28790U 05030A   23055.24493722  .00000145  00000+0  00000+0 0  9990
2 28790   1.9010  89.4852 0002021 245.7010 299.7257  1.00274363 64185
GALAXY 15 (G-15)        
1 28884U 05041A   23055.54036616 -.00000062  00000+0  00000+0 0  9993
2 28884   0.4540  92.6338 0004353 230.7683 273.4409  1.00322745 63495
SPACEWAY 2              
1 28903U 05046B   23055.52422076  .00000094  00000+0  00000+0 0  9991
2 28903   2.4823  85.4837 0000475 108.6540   9.7689  1.00271414 39223
GALAXY 16 (G-16)        
1 29236U 06023A   23055.54594226 -.00000136  00000+0  00000+0 0  9994
2 29236   0.0586 272.4146 0002738  64.0579 275.1784  1.00271483 61142
DIRECTV 9S              
1 29494U 06043A   23055.54920552 -.00000122  00000+0  00000+0 0  9992
2 29494   0.0131 122.5271 0002974 213.1602 274.9450  1.00271587 39264
XM-4 (BLUES)            
1 29520U 06049A   23055.21576975 -.00000264  00000+0  00000+0 0  9995
2 29520   0.1186 287.1208 0004332  92.9894 165.3238  1.00586592 59870
GALAXY 17 (G-17)        
1 31307U 07016B   23054.20935274 -.00000186  00000+0  00000+0 0  9998
2 31307   0.0158 115.3616 0001939 202.3077 179.4953  1.00270877 57671
DIRECTV 10              
1 31862U 07032A   23054.89742198 -.00000114  00000+0  00000+0 0  9999
2 31862   0.0363 285.3530 0000262 112.1250 336.2750  1.00274712 57284
SPACEWAY 3              
1 32018U 07036A   23055.54861465 -.00000160  00000+0  00000+0 0  9990
2 32018   0.8665  90.9310 0000240 198.3588 327.3795  1.00271424 34432
INTELSAT 11 (IS-11)     
1 32253U 07044B   23055.21576975 -.00000278  00000+0  00000+0 0  9993
2 32253   0.4293  93.6361 0003027 238.7312 216.1024  1.00272240 56376
HORIZONS-2              
1 32388U 07063B   23055.38283907 -.00000263  00000+0  00000+0 0  9995
2 32388   0.0324 272.7332 0002178  72.3184 232.9338  1.00271379 55699
DIRECTV 11              
1 32729U 08013A   23055.54594153 -.00000135  00000+0  00000+0 0  9994
2 32729   0.0399 331.9864 0000102 258.6367  20.8521  1.00274051 54816
GALAXY 18 (G-18)        
1 32951U 08024A   23055.53204983  .00000016  00000+0  00000+0 0  9998
2 32951   0.0167 137.9860 0003108 194.5117 250.1285  1.00272369 33739
INTELSAT 25 (IS-25)     
1 33153U 08034A   23055.21021840 -.00000234  00000+0  00000+0 0  9991
2 33153   0.0130 124.9847 0002943 215.8357 217.1843  1.00270011 53573
GALAXY 19 (G-19)        
1 33376U 08045A   23055.54673214 -.00000148  00000+0  00000+0 0  9998
2 33376   0.0063 154.6260 0002709 182.2280 277.0912  1.00271555 52717
FM-5                    
1 35493U 09034A   23055.07610315 -.00000210  00000+0  00000+0 0  9990
2 35493   0.0229 128.4045 0000761 104.6481 221.8846  1.00268385 34518
INTELSAT 14 (IS-14)     
1 36097U 09064A   23055.49077038 -.00000283  00000+0  00000+0 0  9999
2 36097   0.0122 106.5489 0002530 227.4181 311.7877  1.00273048 48573
INTELSAT 15 (IS-15)     
1 36106U 09067A   23055.51577435 -.00000195  00000+0  00000+0 0  9994
2 36106   0.0130 106.1115 0002392 226.0259  92.8087  1.00270352 29105
DIRECTV 12              
1 36131U 09075A   23055.54811694 -.00000112  00000+0  00000+0 0  9991
2 36131   0.0409 300.1917 0000208  66.0376 242.5075  1.00270859 34440
INTELSAT 16 (IS-16)     
1 36397U 10006A   23055.39909802 -.00000254  00000+0  00000+0 0  9990
2 36397   0.0130 113.1140 0002004 229.4951 238.8729  1.00269754 47535
XM-5                    
1 37185U 10053A   23054.45188007 -.00000035  00000+0  00000+0 0  9997
2 37185   0.0153 148.8354 0000902  68.5274 343.1812  1.00272511 45359
INTELSAT 17 (IS-17)     
1 37238U 10065B   23055.59355094 -.00000011  00000+0  00000+0 0  9991
2 37238   0.0212 145.6021 0002564 196.1347  92.1231  1.00271896 41116
INTELSAT NEW DAWN       
1 37392U 11016A   23055.02271889  .00000145  00000+0  00000+0 0  9993
2 37392   0.0170 132.4398 0000661 312.0880 110.0770  1.00275340 41169
INTELSAT 18 (IS-18)     
1 37834U 11056A   23055.61095023  .00000043  00000+0  00000+0 0  9994
2 37834   0.0235  40.8190 0001966 297.7003 215.6078  1.00270912 41690
INTELSAT 22 (IS-22)     
1 38098U 12011A   23055.58799684 -.00000068  00000+0  00000+0 0  9997
2 38098   0.0149 117.1755 0002564 219.0423 101.7373  1.00271449 39696
INTELSAT 19 (IS-19)     
1 38356U 12030A   23055.62068743 -.00000066  00000+0  00000+0 0  9993
2 38356   0.0205 124.8155 0003344 219.9833 198.8528  1.00271942 38322
INTELSAT 20 (IS-20)     
1 38740U 12043A   23055.59355094 -.00000033  00000+0  00000+0 0  9992
2 38740   0.0228 128.0682 0001941  40.8560 267.4295  1.00270978 38719
INTELSAT 21 (IS-21)     
1 38749U 12045A   23055.41088392 -.00000294  00000+0  00000+0 0  9997
2 38749   0.0135 101.6503 0002040 230.1630 272.1027  1.00272461 38408
INTELSAT 23 (IS-23)     
1 38867U 12057A   23055.39717969 -.00000294  00000+0  00000+0 0  9997
2 38867   0.0459 272.4079 0001277 103.4765 228.0817  1.00267606 37822
FM-6                    
1 39360U 13058A   23055.53282247 -.00000026  00000+0  00000+0 0  9993
2 39360   0.0085 124.4820 0000478  95.2332  10.0711  1.00272783 33949
INTELSAT 30 (IS-30)     
1 40271U 14062A   23055.47763038 -.00000160  00000+0  00000+0 0  9996
2 40271   0.0195 133.1335 0001825 348.5530 109.2639  1.00273470 30461
DIRECTV 14              
1 40333U 14078B   23054.63572829 -.00000136  00000+0  00000+0 0  9998
2 40333   0.0181  85.5917 0000360 143.0305  54.2233  1.00273124 29937
DIRECTV 15              
1 40663U 15026A   23055.54294076 -.00000111  00000+0  00000+0 0  9997
2 40663   0.0136 111.1940 0000607  91.0348  44.4762  1.00270279 28348
SKY MEXICO-1            
1 40664U 15026B   23055.08017306 -.00000244  00000+0  00000+0 0  9993
2 40664   0.0143  87.1727 0002070 258.5779 117.9957  1.00269861 28332
INTELSAT 34 (IS-34)     
1 40874U 15039A   23055.41282722 -.00000295  00000+0  00000+0 0  9999
2 40874   0.0128 148.1410 0000530  89.0400   9.9662  1.00269653 27502
INTELSAT 31 (IS-31)     
1 41581U 16035A   23050.04901005 -.00000162  00000+0  00000+0 0  9991
2 41581   0.0250 222.1452 0002284 340.7666 228.3875  1.00272242 24511
INTELSAT 36 (IS-36)     
1 41747U 16053A   23054.71021372 -.00000035  00000+0  00000+0 0  9992
2 41747   0.0190  90.2131 0001281 274.2291 113.0197  1.00270779 23820
INTELSAT 33E (IS-33E)   
1 41748U 16053B   23055.49771532  .00000040  00000+0  00000+0 0  9994
2 41748   0.0204 111.3919 0001711 223.0960  58.7620  1.00269932 24128
INTELSAT 32E (IS-32E)   
1 41945U 17007B   23055.49077038 -.00000279  00000+0  00000+0 0  9998
2 41945   0.0159 110.5330 0000127 153.9868  23.0184  1.00268558 22112
INTELSAT 35E (IS-35E)   
1 42818U 17041A   23055.48521598 -.00000248  00000+0  00000+0 0  9996
2 42818   0.0184 116.1710 0001963 219.7967 318.2751  1.00272086 20684
INTELSAT 37E (IS-37E)   
1 42950U 17059A   23055.47966159 -.00000151  00000+0  00000+0 0  9990
2 42950   0.0144 121.8182 0002445 211.3424 335.5592  1.00271059 19946
AZERSPACE 2 (IS-38)     
1 43632U 18074A   23054.28243765  .00000124  00000+0  00000+0 0  9994
2 43632   0.0154 113.2612 0001387 230.0988 316.2843  1.00272356 16319
HORIZONS-3E             
1 43633U 18074B   23054.62827343 -.00000042  00000+0  00000+0 0  9993
2 43633   0.0176 126.1542 0000976 206.4987 215.7727  1.00270952 16222
AT&T T-16               
1 44333U 19034A   23055.17335972 -.00000125  00000+0  00000+0 0  9993
2 44333   0.0200 120.7944 0000752  72.2355 282.2754  1.00273473 13513
INTELSAT 39 (IS-39)     
1 44476U 19049B   23054.02618731  .00000021  00000+0  00000+0 0  9991
2 44476   0.0184 135.3782 0001503  24.6943  63.9142  1.00270963 13003
GALAXY 30 (G-30)        
1 46114U 20056C   23055.52584027  .00000028  00000+0  00000+0 0  9995
2 46114   0.0230 133.4652 0001902 212.5625 232.4098  1.00271720  9177
GALAXY 33 (G-33)        
1 54026U 22128A   23055.15366358  .00000069  00000+0  00000+0 0  9997
2 54026   0.0211 115.6361 0001900 222.4480  97.9813  1.00273236  1628
GALAXY 34 (G-34)        
1 54027U 22128B   23052.93732127  .00000045  00000+0  00000+0 0  9996
2 54027   0.0117 110.8375 0002847 308.2439 300.9108  1.00272901  1637
GALAXY 31 (G-31)        
1 54243U 22153A   23054.29910424  .00000001  00000+0  00000+0 0  9995
2 54243   0.0180 188.8568 0003553 101.7946 208.9291  1.00272708  1017
GALAXY 32 (G-32)        
1 54244U 22153B   23055.38881860 -.00000184  00000+0  00000+0 0  9991
2 54244   0.0299   5.7695 0002971 339.5635 217.6021  1.00271256  1044
GALAXY 35 (G-35)        
1 54741U 22170A   23055.52684244 -.00000054  00000+0  00000+0 0  9991
2 54741   0.0543 292.6729 0002512 100.4498 185.8162  1.00835473   785
GALAXY 36 (G-36)        
1 54742U 22170B   23055.38977757 -.00000223  00000+0  00000+0 0  9998
2 54742   0.0146 119.7831 0002342 215.2149 229.6921  1.00543284   794
