COSMOS 2361 [-]         
1 25590U 98076A   23055.43927670  .00000076  00000+0  66394-4 0  9998
2 25590  82.9363  19.8841 0030409 226.4678 254.4138 13.73046804210811
COSMOS 2378 [-]         
1 26818U 01023A   23055.46073709  .00000057  00000+0  44496-4 0  9994
2 26818  82.9273  37.4460 0033119 170.9040 304.1207 13.73989362 88846
COSMOS 2389 [-]         
1 27436U 02026A   23055.29733197  .00000105  00000+0  93518-4 0  9993
2 27436  82.9549 343.6429 0047287  34.4413  77.6965 13.74999020 40973
COSMOS 2398 [-]         
1 27818U 03023A   23055.22296479  .00000089  00000+0  80820-4 0  9998
2 27818  82.9491 306.1127 0032676  73.3090  77.5765 13.72233247987912
COSMOS 2407 [+]         
1 28380U 04028A   23055.52777396  .00000062  00000+0  47991-4 0  9997
2 28380  82.9569 249.7910 0039972  34.2100  22.0607 13.76138707933627
COSMOS 2414 [+]         
1 28521U 05002A   23055.47076702  .00000092  00000+0  63689-4 0  9999
2 28521  82.9467 237.6805 0040411 173.8354 186.3315 13.87687012916194
COSMOS 2429 [-]         
1 32052U 07038A   23055.37508358  .00000070  00000+0  57585-4 0  9994
2 32052  82.9830  16.6896 0038862  12.9669 347.2477 13.74985953775524
COSMOS 2454 [-]         
1 35635U 09039A   23055.52285889  .00000085  00000+0  56266-4 0  9996
2 35635  82.9548 223.5200 0020493 115.9279 303.1987 13.89715964689519
COSMOS 2463 [+]         
1 36519U 10017A   23055.51337788  .00000058  00000+0  48346-4 0  9991
2 36519  82.9577  57.6651 0034900 242.7320 279.6081 13.71495625642244
