SCD 1                   
1 22490U 93009B   23055.34967439  .00000662  00000+0  13393-3 0  9993
2 22490  24.9699 104.0367 0042585 316.3815 104.0334 14.44832955586021
TECHSAT 1B (GO-32)      
1 25397U 98043D   23055.64572733  .00000168  00000+0  93230-4 0  9997
2 25397  98.8543  12.2234 0002363  94.1542 265.9906 14.23825690279531
SCD 2                   
1 25504U 98060A   23055.12049284  .00000572  00000+0  11147-3 0  9994
2 25504  24.9965 321.7390 0017042 318.2414 184.2439 14.44331869285262
LANDSAT 7               
1 25682U 99020A   23055.52845159  .00000752  00000+0  16604-3 0  9990
2 25682  97.9467  98.6348 0001558  78.6918 281.4449 14.59945045269345
DLR-TUBSAT              
1 25757U 99029B   23055.63375952  .00000264  00000+0  77552-4 0  9991
2 25757  98.5204   6.0686 0015498  70.8432 289.4438 14.51591920257967
TERRA                   
1 25994U 99068A   23055.53874699  .00000680  00000+0  15422-3 0  9997
2 25994  98.1073 126.6606 0002738  77.7696  34.2992 14.59053512233235
MAROC-TUBSAT            
1 27004U 01056D   23055.30968190 -.00000009  00000+0  41482-4 0  9998
2 27004  99.6586 201.1773 0019883   6.6952  12.5886 13.70168906 60632
AQUA                    
1 27424U 02022A   23055.53104476  .00001437  00000+0  32482-3 0  9996
2 27424  98.2761   0.4380 0001650 103.6731  19.8640 14.57729367106941
IRS-P6 (RESOURCESAT-1)  
1 28051U 03046A   23055.51368259  .00000419  00000+0  16122-3 0  9991
2 28051  98.3739 124.1577 0058494 348.8172  11.1709 14.34262793  7150
SHIYAN 1 (SY-1)         
1 28220U 04012A   23055.64159864  .00005529  00000+0  40486-3 0  9994
2 28220  97.9890  60.3519 0010126 199.0085 161.0763 15.03958638 28073
AURA                    
1 28376U 04026A   23055.51445510  .00001424  00000+0  32576-3 0  9994
2 28376  98.2381   0.5795 0001615  91.7244 268.4140 14.57149415989939
IRS-P5 (CARTOSAT-1)     
1 28649U 05017A   23055.53153917  .00001782  00000+0  21618-3 0  9999
2 28649  97.6842 112.3782 0002761  98.8175 261.3353 14.84771142964130
SINAH 1                 
1 28893U 05043D   23055.28831429  .00000721  00000+0  15309-3 0  9994
2 28893  98.1353 179.5832 0016253 102.9432 257.3586 14.61935485923741
EROS B                  
1 29079U 06014A   23055.58517043  .00027778  00000+0  11280-2 0  9990
2 29079  97.3628 177.2842 0011589  87.6483  40.3265 15.24486511934772
RESURS-DK 1             
1 29228U 06021A   23055.48796330  .00003363  00000+0  24904-3 0  9993
2 29228  69.9359 206.3587 0003747 348.9299  11.1780 15.04133268920262
ARIRANG-2 (KOMPSAT-2)   
1 29268U 06031A   23055.57655138  .00000681  00000+0  14157-3 0  9997
2 29268  97.9207 279.4875 0013876 303.7045  56.2854 14.62979680884756
LAPAN-TUBSAT            
1 29709U 07001A   23055.49283650  .00001117  00000+0  14460-3 0  9994
2 29709  98.0035  22.7483 0013281 150.9380 209.2562 14.82837401871854
CARTOSAT-2 (IRS-P7)     
1 29710U 07001B   23055.33525554  .00045615  00000+0  84091-3 0  9999
2 29710  97.8774 182.4945 0120818 247.7258 111.1139 15.41248674874852
HAIYANG-1B              
1 31113U 07010A   23055.59375661  .00000134  00000+0  67544-4 0  9991
2 31113  98.3045  74.5178 0013752 180.5901 179.5268 14.30383749828552
COSMO-SKYMED 1          
1 31598U 07023A   23055.62135736  .00001276  00000+0  16679-3 0  9993
2 31598  97.8899 240.7119 0001397  84.7637 275.3734 14.82154176850314
TERRASAR-X              
1 31698U 07026A   23055.66628486 -.00001440  00000+0 -65422-4 0  9996
2 31698  97.4459  64.6488 0001853  82.3661  57.9640 15.19146936870401
WORLDVIEW-1 (WV-1)      
1 32060U 07041A   23055.32783117  .00012281  00000+0  50073-3 0  9991
2 32060  97.3842 176.3456 0007669 300.8099  59.2383 15.24564754858762
YAOGAN 3                
1 32289U 07055A   23055.42900038  .00002860  00000+0  36522-3 0  9998
2 32289  97.9310  80.1829 0001739  89.4619 270.6806 14.82217466826354
COSMO-SKYMED 2          
1 32376U 07059A   23055.65510053  .00000626  00000+0  85207-4 0  9991
2 32376  97.8898 240.7440 0001366  83.8555 276.2814 14.82165028823069
RADARSAT-2              
1 32382U 07061A   23055.66741221  .00000034  00000+0  30193-4 0  9992
2 32382  98.5786  63.9342 0001103  95.5315  39.0425 14.29983532793348
CARTOSAT-2A             
1 32783U 08021A   23055.42085482 -.00002850  00000+0 -38133-3 0  9999
2 32783  97.9325 117.6263 0013316  73.3860 286.8337 14.78681099800252
HUANJING 1A (HJ-1A)     
1 33320U 08041A   23055.54229583  .00001132  00000+0  16243-3 0  9992
2 33320  97.6556  81.4652 0022033 129.2403 231.0759 14.78163500779621
HUANJING 1B (HJ-1B)     
1 33321U 08041B   23055.55367039  .00001553  00000+0  21807-3 0  9992
2 33321  97.6696  85.5505 0034506 148.0578 212.2708 14.78366796779626
GEOEYE 1                
1 33331U 08042A   23055.61980363  .00000949  00000+0  18792-3 0  9999
2 33331  98.0953 131.7878 0008715 202.6145 157.4679 14.64500268773276
THEOS                   
1 33396U 08049A   23055.48151293  .00000036  00000+0  37372-4 0  9997
2 33396  98.7169 124.9989 0000892 112.1841   3.8197 14.20048654746431
COSMO-SKYMED 3          
1 33412U 08054A   23055.50825011  .00004132  00000+0  40284-3 0  9997
2 33412  97.8883 244.6302 0017929   8.0139 352.1334 14.92904005775765
YAOGAN 4                
1 33446U 08061A   23055.30038121  .00001981  00000+0  28211-3 0  9993
2 33446  97.8434 353.1481 0017240  42.8632 317.3919 14.77826877766785
GOSAT (IBUKI)           
1 33492U 09002A   23055.28370106  .00001462  00000+0  26650-3 0  9998
2 33492  98.1312 170.9476 0000946 109.4538 250.6769 14.67515268754152
YAOGAN 6                
1 34839U 09021A   23055.64648510  .00009642  00000+0  30251-3 0  9992
2 34839  97.1149  29.8767 0026749 111.8968 248.5123 15.32878695769833
DEIMOS-1                
1 35681U 09041A   23055.56075388  .00001071  00000+0  17667-3 0  9992
2 35681  97.6909 258.3709 0002549 108.9210 251.2278 14.72330950728862
DUBAISAT-1              
1 35682U 09041B   23055.39798772  .00001401  00000+0  24305-3 0  9997
2 35682  97.8316 203.0148 0011259 350.8425   9.2576 14.69682166727287
OCEANSAT-2              
1 35931U 09051A   23055.20611840 -.00067538  00000+0 -36094-1 0  9996
2 35931  98.2957 143.1975 0003344 168.3521 289.2435 14.13667765710189
WORLDVIEW-2 (WV-2)      
1 35946U 09055A   23055.63797773  .00000247  00000+0  97133-4 0  9999
2 35946  98.4603 132.2765 0000818 231.7320 128.3798 14.37402945702141
SMOS                    
1 36036U 09059A   23055.51108582  .00000472  00000+0  16443-3 0  9999
2 36036  98.4421 244.3860 0001014  67.1815 292.9480 14.39733982699534
YAOGAN 7                
1 36110U 09069A   23055.52421175  .00000870  00000+0  13562-3 0  9991
2 36110  98.1735 283.1865 0025631 324.1353  35.8126 14.75321536711301
TANDEM-X                
1 36605U 10030A   23055.80412818  .00396328  00000+0  17849-1 0  9991
2 36605  97.4488  64.7813 0001919 105.9755  67.7308 15.19202300703175
CARTOSAT-2B             
1 36795U 10035A   23054.25750340  .00001360  00000+0  19245-3 0  9992
2 36795  97.9255 116.4559 0014060 150.2800 301.4195 14.78642753681125
YAOGAN 10               
1 36834U 10038A   23055.61524991  .00001203  00000+0  15970-3 0  9998
2 36834  97.9714  70.2223 0001666  80.7733 279.3660 14.81625515678110
COSMO-SKYMED 4          
1 37216U 10060A   23055.53272564  .00000980  00000+0  12966-3 0  9998
2 37216  97.8896 240.6180 0001121  84.5963 275.5381 14.82161990665592
RESOURCESAT-2           
1 37387U 11015A   23055.65378549  .00000305  00000+0  15858-3 0  9995
2 37387  98.6343 128.1873 0005358  68.4116 291.7632 14.21667656614993
HAIYANG-2A              
1 37781U 11043A   23055.54080475 -.00000010  00000+0  33695-4 0  9994
2 37781  99.3219  62.0365 0000234 116.3031 243.8145 13.78745052580379
RASAT                   
1 37791U 11044D   23055.58251647  .00001021  00000+0  19750-3 0  9998
2 37791  98.0880 149.6398 0022721  57.0647 303.2734 14.65318580616034
MEGHA-TROPIQUES         
1 37838U 11058A   23055.50828885  .00456595  43697-4  18689-2 0  9994
2 37838  19.9561  24.9218 0125877 132.9210 228.1862 15.73267103521097
SRMSAT                  
1 37841U 11058D   23055.56234802  .00000502  00000+0  13041-3 0  9991
2 37841  19.9708 170.9316 0011711 234.1314 226.2828 14.10838583586881
YAOGAN 13               
1 37941U 11072A   23055.61957688  .00012754  00000+0  51331-3 0  9994
2 37941  97.6655  15.2287 0001419 121.5951 348.4424 15.25023964623173
PLEIADES 1A             
1 38012U 11076F   23055.49092842  .00000738  00000+0  16844-3 0  9995
2 38012  98.1742 131.8014 0001006  82.5157 277.6147 14.58574726595811
ZIYUAN 1-02C (ZY 1-02C) 
1 38038U 11079A   23055.52116802  .00000458  00000+0  17219-3 0  9999
2 38038  98.5572 123.6757 0005897 318.6190  41.4549 14.36139155585652
ZIYUAN 3-1 (ZY 3-1)     
1 38046U 12001A   23055.52606935  .00009937  00000+0  43193-3 0  9996
2 38046  97.3101 124.7862 0001524  93.1215  19.4558 15.22471996617931
ARIRANG-3 (KOMPSAT-3)   
1 38338U 12025B   23055.55146303  .00001155  00000+0  24113-3 0  9992
2 38338  98.2083 358.3882 0009388 301.2847  58.7416 14.61741366574801
KANOPUS-V 1             
1 38707U 12039A   23055.56291753  .00019229  00000+0  74245-3 0  9990
2 38707  97.4757 341.5864 0002445  67.1847 292.9643 15.26311910587784
EXACTVIEW-1 (ADS-1B)    
1 38709U 12039C   23055.14916784  .00000210  00000+0  11100-3 0  9995
2 38709  98.9795 132.5108 0011782  58.0959 302.1364 14.24179320550564
SPOT 6                  
1 38755U 12047A   23055.50728378  .00000611  00000+0  14122-3 0  9997
2 38755  98.2028 124.4167 0001164  90.3679 269.7660 14.58536082556891
PLEIADES 1B             
1 39019U 12068A   23055.59380088  .00000734  00000+0  16772-3 0  9994
2 39019  98.2051 131.9136 0001207  97.2683 262.8651 14.58579456544689
GOKTURK 2               
1 39030U 12073A   23055.53626963  .00000945  00000+0  15450-3 0  9998
2 39030  97.8216 290.7805 0000827  52.1306 307.9966 14.73027061546461
LANDSAT 8               
1 39084U 13008A   23055.51031185  .00000581  00000+0  13884-3 0  9995
2 39084  98.1927 127.2274 0001000 104.2022 255.9287 14.57140576533705
SARAL                   
1 39086U 13009A   23055.54902200  .00000105  00000+0  55381-4 0  9997
2 39086  98.5455 242.4764 0000810 243.7817 116.3284 14.32139588522563
GAOFEN 1                
1 39150U 13018A   23055.60655593  .00001216  00000+0  18172-3 0  9996
2 39150  98.0433 126.5164 0021637 189.1374 170.9450 14.76451377529944
VNREDSAT 1              
1 39160U 13021B   23055.54151440  .00001179  00000+0  23915-3 0  9995
2 39160  98.0521 130.3234 0001443  74.1535 285.9815 14.62957733523475
ARIRANG-5 (KOMPSAT-5)   
1 39227U 13042A   23055.45872598 -.00001670  00000+0 -11507-3 0  9998
2 39227  97.6312 242.9949 0000846 343.7436 103.3727 15.04485426522179
SKYSAT-A                
1 39418U 13066C   23055.28152885  .00004893  00000+0  38235-3 0  9992
2 39418  97.5379 124.4774 0033584 128.4841 231.9404 15.01100407506415
DUBAISAT-2              
1 39419U 13066D   23055.50528090  .00003722  00000+0  33539-3 0  9995
2 39419  97.4248  79.5861 0013986 144.4194 215.7929 14.96071945504866
GPM-CORE                
1 39574U 14009C   23055.57812254  .00017737  00000+0  24846-3 0  9992
2 39574  64.9973  50.0794 0008099 269.0345  90.9874 15.56866856510838
SENTINEL-1A             
1 39634U 14016A   23055.59051826 -.00000061  00000+0 -32800-5 0  9994
2 39634  98.1815  64.5315 0001201  88.7574 271.3753 14.59199279473790
KAZEOSAT 1              
1 39731U 14024A   23055.50697307  .00000450  00000+0  15059-3 0  9997
2 39731  98.4391 133.5800 0001105  82.3746 277.7567 14.42002489464410
ALOS-2                  
1 39766U 14029A   23055.54015708  .00000173  00000+0  29985-4 0  9999
2 39766  97.9207 154.0587 0001448  87.7568 272.3811 14.79473852472901
KAZEOSAT 2              
1 40010U 14033A   23055.60654337  .00000989  00000+0  13065-3 0  9998
2 40010  97.6912 296.4629 0013071 338.3817  21.6847 14.82079097469794
HODOYOSHI-4             
1 40011U 14033B   23055.58140908  .00001938  00000+0  24788-3 0  9999
2 40011  97.6436 282.9289 0026017 335.1540  24.8421 14.82248637469432
DEIMOS-2                
1 40013U 14033D   23055.60330842  .00002279  00000+0  26603-3 0  9999
2 40013  97.7381 311.0369 0002265  50.8040 309.3363 14.86118358470632
HODOYOSHI-3             
1 40015U 14033F   23055.47166579  .00001183  00000+0  16369-3 0  9991
2 40015  97.6173 261.5331 0036631   2.8367 357.3046 14.79350188468564
SPOT 7                  
1 40053U 14034A   23055.60913357  .00000681  00000+0  15627-3 0  9991
2 40053  98.2180 124.1332 0000997  80.3388 279.7918 14.58556914460846
SKYSAT-B                
1 40072U 14037D   23055.49169577  .00001521  00000+0  19792-3 0  9990
2 40072  98.3764 301.0220 0005280 217.5178 142.5666 14.82225995466571
WORLDVIEW-3 (WV-3)      
1 40115U 14048A   23055.63867310  .00001576  00000+0  18938-3 0  9997
2 40115  97.8278 131.6745 0002805  75.4373 284.7153 14.85356943462566
GAOFEN 2                
1 40118U 14049A   23055.56963199  .00001812  00000+0  24195-3 0  9990
2 40118  97.7303 120.4604 0005246 207.7054 152.3880 14.80726298460402
YAOGAN 21               
1 40143U 14053A   23055.62412013  .00011228  00000+0  47050-3 0  9991
2 40143  97.3187 122.3841 0014437  54.9861 103.6773 15.23589179470943
YAOGAN 22               
1 40275U 14063A   23055.31790250 -.00000003  00000+0  11184-3 0  9995
2 40275 100.5914 180.6184 0006571  41.1594 319.0052 13.15451601400866
ASNARO                  
1 40298U 14070A   23055.64745332  .00016205  00000+0  76840-3 0  9995
2 40298  97.4477 139.7334 0006423 167.0818 330.6598 15.19350612460499
HODOYOSHI-1             
1 40299U 14070B   23055.68337505  .00011863  00000+0  40254-3 0  9994
2 40299  97.2104 121.4129 0010352 326.0428 189.0675 15.30610968461584
QSAT-EOS                
1 40301U 14070D   23055.68011194  .00037425  00000+0  66546-3 0  9995
2 40301  97.1717 124.4376 0013170 270.1314 241.2374 15.49981930462351
YAOGAN 23               
1 40305U 14071A   23055.68222398  .00016435  00000+0  63750-3 0  9992
2 40305  97.6404  15.9593 0002717  77.7204  47.2394 15.26195445458952
YAOGAN 24               
1 40310U 14072A   23055.58920192  .00001668  00000+0  24793-3 0  9991
2 40310  97.9973 178.1937 0016210 183.6050 176.5041 14.76226442445435
CBERS 4                 
1 40336U 14079A   23055.60457687 -.00000689  00000+0 -22490-3 0  9999
2 40336  98.4552 129.8921 0001433  79.7890 280.3537 14.35449963430580
RESURS P2               
1 40360U 14087A   23055.58081426  .00012507  00000+0  30981-3 0  9990
2 40360  97.1884 140.7596 0007380 255.7422 216.2568 15.40517663457014
YAOGAN 26               
1 40362U 14088A   23055.63083252  .00012609  00000+0  52861-3 0  9992
2 40362  97.1109  97.9632 0008416 281.7688 196.3417 15.23603774454427
SMAP                    
1 40376U 15003A   23055.53214163  .00000837  00000+0  17112-3 0  9991
2 40376  98.1301  63.6882 0001335  95.1761 264.9594 14.63371800430850
KOMPSAT-3A              
1 40536U 15014A   23055.57856373  .00007883  00000+0  44998-3 0  9990
2 40536  97.5600   0.1848 0000531 249.6802 218.3921 15.13009627437147
SENTINEL-2A             
1 40697U 15028A   23055.50119808 -.00000571  00000+0 -20110-3 0  9990
2 40697  98.5659 131.6196 0000995  73.9756 286.1580 14.30811179400893
GAOFEN 8                
1 40701U 15030A   23055.60671167  .00015430  00000+0  65163-3 0  9996
2 40701  97.5899 197.6167 0005956 251.5510 241.1304 15.23340568426770
CARBONITE 1 (CBNT-1)    
1 40718U 15032D   23055.57510870  .00002377  00000+0  35112-3 0  9992
2 40718  97.7064 273.5680 0015185 280.4969  79.4509 14.76068438410606
YAOGAN 27               
1 40878U 15040A   23055.48867052 -.00000004  00000+0  10000-3 0  9990
2 40878 100.1066  81.3476 0009127 123.0928 237.1064 13.15987909360189
GAOFEN 9-01             
1 40894U 15047A   23055.58968166  .00001384  00000+0  20356-3 0  9990
2 40894  97.7878 122.4304 0032131 121.3178 239.1183 14.76637245401380
LAPAN-A2                
1 40931U 15052B   23053.90243056  .00000089  00000+0 -76124-4 0  9993
2 40931   6.0006 182.1849 0009795 102.5787 172.4560 14.77044450400425
YAOGAN 28               
1 41026U 15064A   23055.80523675  .00017193  00000+0  72549-3 0  9990
2 41026  97.5832 205.7599 0005655 207.4179 262.4172 15.23344689406657
YAOGAN 29               
1 41038U 15069A   23055.56547708  .00000897  00000+0  12239-3 0  9997
2 41038  98.0630  62.0609 0001901  51.1668 308.9711 14.81136397391606
KENT RIDGE 1            
1 41167U 15077B   23055.55160499  .00004481  00000+0  22026-3 0  9994
2 41167  14.9837 170.3961 0010810 265.6196 204.3647 15.11155156397427
TELEOS 1                
1 41169U 15077D   23055.49744102  .00012447  00000+0  58881-3 0  9997
2 41169  14.9814 129.7908 0008133 332.4750  27.5131 15.16174213397789
GAOFEN 4                
1 41194U 15083A   23055.63191066 -.00000344  00000+0  00000+0 0  9993
2 41194   0.1222 145.4347 0001448 200.2838 141.6514  1.00274520 26377
JASON-3                 
1 41240U 16002A   23055.58338405 -.00000023  00000+0  16684-3 0  9994
2 41240  66.0409 125.3967 0007840 272.1738  87.8379 12.80929896332206
SENTINEL-3A             
1 41335U 16011A   23055.52805572  .00000179  00000+0  92067-4 0  9998
2 41335  98.6202 124.1857 0001078  95.6893 264.4411 14.26738402365710
ZIYUAN 3-2 (ZY 3-2)     
1 41556U 16033A   23055.59327263  .00009712  00000+0  43799-3 0  9999
2 41556  97.5062 129.0644 0001550  61.1242  75.0551 15.21228250374235
NUSAT-1 (FRESCO)        
1 41557U 16033B   23055.58805120  .00045232  00000+0  93299-3 0  9999
2 41557  97.3847 160.2285 0009621 192.7219 291.8581 15.45701103376158
NUSAT-2 (BATATA)        
1 41558U 16033C   23055.57408271  .00050186  00000+0  97038-3 0  9994
2 41558  97.4120 167.4183 0008703 183.7565 296.6366 15.47569728376469
CARTOSAT-2C             
1 41599U 16040A   23055.61837096  .00006532  00000+0  31204-3 0  9992
2 41599  97.4528 117.5057 0013484  21.5944 135.0886 15.19290659370217
SKYSAT-C1               
1 41601U 16040C   23055.44730751  .00019598  00000+0  50207-3 0  9997
2 41601  97.1252 129.3051 0000939 105.1409 254.9941 15.39416127372748
LAPAN-A3                
1 41603U 16040E   23055.59823218  .00003105  00000+0  14002-3 0  9996
2 41603  97.1796  86.3387 0012994   1.5825 116.9068 15.21660946370366
BIROS                   
1 41604U 16040F   23055.55248451  .00007885  00000+0  29820-3 0  9996
2 41604  97.1791  95.3734 0009755 328.4669  31.5985 15.27176905370897
GAOFEN 3                
1 41727U 16049A   23055.58779060  .00000199  00000+0  73672-4 0  9995
2 41727  98.4087  65.2401 0000490  72.1577 287.9660 14.42218968344430
SKYSAT-C4               
1 41771U 16058B   23055.40251334  .00018559  00000+0  47865-3 0  9997
2 41771  97.0836 117.8393 0001876 164.3922 195.7383 15.39218689359696
SKYSAT-C5               
1 41772U 16058C   23055.66390781  .00009382  00000+0  32831-3 0  9997
2 41772  97.2304 117.3498 0002170  64.0499 296.0965 15.29721109358283
SKYSAT-C2               
1 41773U 16058D   23055.13537423  .00018637  00000+0  48136-3 0  9994
2 41773  97.0852 117.9782 0001692 147.9077 212.2273 15.39174071359670
SKYSAT-C3               
1 41774U 16058E   23055.12536438  .00023278  00000+0  49591-3 0  9992
2 41774  97.0843 119.9735 0000643 129.3774 230.7533 15.44930240359807
ALSAT 1B                
1 41785U 16059C   23055.53043505  .00000703  00000+0  12438-3 0  9996
2 41785  97.8778  96.7044 0010522 136.8754 223.3277 14.70260287342852
PATHFINDER 1            
1 41787U 16059E   23055.52718734  .00001090  00000+0  21357-3 0  9990
2 41787  97.8812  94.1103 0031340  88.4333 272.0439 14.64344331342629
SCATSAT 1               
1 41790U 16059H   23055.59355455  .00000369  00000+0  10441-3 0  9998
2 41790  98.2870 101.3104 0005875 142.7571 217.4032 14.51009629339639
GOKTURK 1A              
1 41875U 16073A   23055.54879342  .00000458  00000+0  99029-4 0  9998
2 41875  98.1504 311.5928 0001341  59.1543 300.9807 14.62770187332131
RESOURCESAT-2A          
1 41877U 16074A   23055.63073357 -.00001766  00000+0 -78558-3 0  9991
2 41877  98.6918 132.5068 0000705  23.5189 336.5969 14.21609319322593
CARTOSAT-2D             
1 41948U 17008A   23055.42360755  .00006534  00000+0  31288-3 0  9991
2 41948  97.4310 116.6417 0005675 171.3465 188.7891 15.19268204334053
SENTINEL-2B             
1 42063U 17013A   23055.46626047 -.00000499  00000+0 -17370-3 0  9991
2 42063  98.5695 131.5930 0000816  90.5612 269.5698 14.30808975311802
ZHUHAI-1 02 (CAS-4B)    
1 42759U 17034B   23055.37268242  .00010511  00000+0  56600-3 0  9998
2 42759  43.0175  21.7518 0009096  88.1294  43.9309 15.14859539314511
NUSAT-3 (MILANESAT)     
1 42760U 17034C   23055.37583902  .00011219  00000+0  58560-3 0  9996
2 42760  43.0148  14.6831 0010057 114.4069  23.9163 15.15905691314602
ZHUHAI-1 01 (CAS-4A)    
1 42761U 17034D   23055.39396292  .00009961  00000+0  53538-3 0  9994
2 42761  43.0172  20.2135 0009688  88.6463  50.7869 15.14968009314521
CARTOSAT-2E             
1 42767U 17036C   23055.78297044  .00008619  00000+0  41211-3 0  9994
2 42767  97.4202 117.4931 0007188 223.5097 204.4975 15.19216963314675
FORMOSAT-5              
1 42920U 17049A   23055.50179174  .00000359  00000+0  10227-3 0  9998
2 42920  98.3305 134.0662 0010880 191.0189 169.0771 14.50867545291418
SENTINEL-5P             
1 42969U 17064A   23055.45595447  .00000145  00000+0  89567-4 0  9994
2 42969  98.7591 357.0170 0001116  80.5734 279.5568 14.19557825278073
SKYSAT-C11              
1 42987U 17068A   23055.63639612  .00018646  00000+0  47789-3 0  9995
2 42987  97.3090 178.4425 0002736 156.8952 203.2417 15.39413096297160
SKYSAT-C10              
1 42988U 17068B   23055.27951299  .00022857  00000+0  58574-3 0  9997
2 42988  97.3141 178.4967 0002758 138.9311 221.2143 15.39376449297136
SKYSAT-C9               
1 42989U 17068C   23055.58170276  .00018012  00000+0  46180-3 0  9998
2 42989  97.3068 177.7499 0000696  44.1929 315.9373 15.39412576297373
SKYSAT-C8               
1 42990U 17068D   23055.33699259  .00022496  00000+0  57555-3 0  9999
2 42990  97.3157 178.9834 0001067  80.8732 279.2635 15.39432431297164
SKYSAT-C7               
1 42991U 17068E   23055.56413751  .00019147  00000+0  48982-3 0  9999
2 42991  97.3159 179.3198 0003320 155.0414 205.0993 15.39464115297204
SKYSAT-C6               
1 42992U 17068F   23055.29494346  .00023596  00000+0  60372-3 0  9999
2 42992  97.3181 179.5021 0002275 170.8843 189.2444 15.39420602297179
CARTOSAT-2F             
1 43111U 18004A   23055.63277675  .00006721  00000+0  32156-3 0  9996
2 43111  97.4150 117.0707 0004176 241.1110 272.2365 15.19294232283838
NUSAT-4 (ADA)           
1 43195U 18015D   23055.44652177  .00036099  00000+0  90976-3 0  9998
2 43195  97.5600 207.0756 0013295 232.2266 213.0411 15.39709966281863
NUSAT-5 (MARYAM)        
1 43204U 18015K   23055.42845022  .00037984  00000+0  93601-3 0  9992
2 43204  97.5613 207.8460 0012729 233.1603 211.1320 15.40391993281502
GAOFEN 1-02             
1 43259U 18031A   23055.61109840  .00001488  00000+0  22053-3 0  9995
2 43259  97.8741 131.4302 0001993 268.8235  91.2753 14.76543565264354
GAOFEN 1-03             
1 43260U 18031B   23055.45395475  .00001480  00000+0  21932-3 0  9997
2 43260  97.8736 131.2295 0005262 358.2571   1.8625 14.76543827264322
GAOFEN 1-04             
1 43262U 18031D   23055.63250109  .00001369  00000+0  20355-3 0  9997
2 43262  97.8744 131.4618 0003343 306.8663  53.2233 14.76543245264345
SENTINEL-3B             
1 43437U 18039A   23055.15025071  .00000215  00000+0  10703-3 0  9999
2 43437  98.6259 123.8535 0000813 124.4689 235.6569 14.26736529251723
GAOFEN 5-01             
1 43461U 18043A   23055.40946605  .00000835  00000+0  19086-3 0  9995
2 43461  98.2989 359.8854 0001059 184.2006 175.9184 14.58243978255371
GAOFEN 6                
1 43484U 18048A   23055.46380260  .00001480  00000+0  21915-3 0  9991
2 43484  97.9076 135.9710 0009886 108.5040 251.7227 14.76582897255025
GAOFEN 11-1             
1 43585U 18063A   23055.55531638  .00009722  00000+0  40935-3 0  9997
2 43585  97.2922 130.1462 0009949   9.8571 101.5079 15.23518093254771
AEOLUS                  
1 43600U 18066A   23055.55968689  .00140812  87030-5  53917-3 0  9992
2 43600  96.7283  62.5935 0011869 100.3740 259.8872 15.87351682261107
ICESAT-2                
1 43613U 18070A   23055.54663249  .00016261  00000+0  58909-3 0  9996
2 43613  92.0042 326.0995 0008137  91.1758 269.0423 15.28302592247871
HYSIS                   
1 43719U 18096A   23055.31639182  .00010858  00000+0  14877-2 0  9996
2 43719  97.9232 123.1529 0002713  92.4730 349.3536 14.78632386228776
KAZSTSAT                
1 43783U 18099AB  23055.16784755  .00001701  00000+0  16243-3 0  9997
2 43783  97.5963 117.9275 0008678 140.7961 219.3890 14.94533435230395
SAUDISAT 5A             
1 43831U 18102A   23055.54609561  .00005131  00000+0  31327-3 0  9990
2 43831  97.4680 127.8121 0014173  38.5281  72.3401 15.10653195232213
SAUDISAT 5B             
1 43833U 18102C   23055.62533080  .00005333  00000+0  32106-3 0  9993
2 43833  97.4703 129.0757 0015057  43.2104  62.7771 15.11134901232289
GAOFEN 10R              
1 44622U 19066A   23055.56739492  .00002552  00000+0  33452-3 0  9993
2 44622  97.9179 356.2909 0001491 264.5543  95.5463 14.81203709183324
CARTOSAT-3              
1 44804U 19081A   23055.76702152  .00004924  00000+0  23671-3 0  9994
2 44804  97.3622 116.6754 0012057  54.3396  73.8401 15.19203273179942
GAOFEN 12-1             
1 44819U 19082A   23055.52793109  .00000805  00000+0  11186-3 0  9999
2 44819  97.8484  75.5612 0001626  83.8551 276.2838 14.80471026175236
CSG-1                   
1 44873U 19092A   23055.47789775 -.00001027  00000+0 -12254-3 0  9994
2 44873  97.8897 240.5719 0001465 107.4721 252.6633 14.82143090172438
NUSAT-7 (SOPHIE)        
1 45017U 20003B   23055.50880493  .00034487  00000+0  75456-3 0  9999
2 45017  97.1787 117.6707 0010405 164.8731 308.3436 15.44008976173975
NUSAT-8 (MARIE)         
1 45018U 20003C   23055.50170972  .00046764  00000+0  85025-3 0  9998
2 45018  97.1919 121.1932 0009087 162.7502 321.5444 15.49351663174101
NUSAT-6 (HYPATIA)       
1 46272U 20061A   23055.61117968  .00017993  00000+0  61927-3 0  9990
2 46272  97.2968 126.4990 0004940 255.9404 104.1287 15.30098900137707
NEMO-HD                 
1 46277U 20061F   23055.70207407  .00005570  00000+0  26655-3 0  9990
2 46277  97.3609 125.1526 0002326  50.4550 107.6965 15.19361272137132
NUSAT-12 (DOROTHY)      
1 46827U 20079A   23055.51384552  .00048172  00000+0  87797-3 0  9995
2 46827  97.1634 126.6328 0006729 111.5118  13.4850 15.49295951128944
NUSAT-9 (ALICE)         
1 46828U 20079B   23055.53556521  .00051133  00000+0  89630-3 0  9994
2 46828  97.1515 126.1270 0003623 153.4505 313.6872 15.50410748129001
NUSAT-11 (CORA)         
1 46829U 20079C   23055.72650650  .00051180  00000+0  89797-3 0  9990
2 46829  97.1567 126.8039 0005464 126.4172 352.0686 15.50374905129020
NUSAT-15 (KATHERINE)    
1 46830U 20079D   23055.54321429  .00049623  00000+0  87963-3 0  9993
2 46830  97.1726 128.2432 0003126 105.8648   8.5341 15.50101151129004
NUSAT-14 (HEDY)         
1 46831U 20079E   23055.61880032  .00053023  00000+0  89590-3 0  9999
2 46831  97.1675 128.3718 0006168 103.1097  34.4344 15.51427303129040
NUSAT-10 (CAROLINE)     
1 46832U 20079F   23055.51984454  .00044100  00000+0  81727-3 0  9992
2 46832  97.1685 127.4920 0006469 121.7625   2.3078 15.48839857128970
NUSAT-13 (EMMY)         
1 46833U 20079G   23055.49170120  .00042582  00000+0  80098-3 0  9999
2 46833  97.1688 127.3472 0006625 123.1531   1.8716 15.48418237128968
NUSAT-17 (MARY)         
1 46835U 20079J   23055.68158631  .00044537  00000+0  83552-3 0  9995
2 46835  97.1681 127.2412 0006834 133.7343  29.0338 15.48483837128977
NUSAT-18 (VERA)         
1 46836U 20079K   23055.55247023  .00047089  00000+0  85347-3 0  9995
2 46836  97.1693 127.7791 0007515 139.9749 327.2671 15.49453928128995
NUSAT-16 (LISE)         
1 46840U 20079P   23055.75454453  .00049804  00000+0  88686-3 0  9995
2 46840  97.1739 128.2733 0004774 134.4283 342.3754 15.49963973129021
SENTINEL-6              
1 46984U 20086A   23055.31387481 -.00000061  00000+0  00000+0 0  9993
2 46984  66.0456 125.9044 0007930 265.5814  94.4296 12.80929277105620
GAOFEN 12-2             
1 48079U 21026A   23055.63161481  .00000972  00000+0  13399-3 0  9999
2 48079  97.9150  47.4684 0001420  88.2581 271.8783 14.80442993102938
PLEIADES NEO 3          
1 48268U 21034A   23055.75964079  .00001166  00000+0  15471-3 0  9994
2 48268  97.8927 131.8657 0001080  90.2945 269.8476 14.81681092 98718
NUSAT-19 (ROSALIND)     
1 48905U 21059AC  23055.68430652  .00016956  00000+0  69901-3 0  9996
2 48905  97.5339 190.1705 0009141 272.8997 143.3074 15.24109705 92418
NUSAT-22 (SOFYA)        
1 48919U 21059AS  23055.42490726  .00038204  00000+0  93058-3 0  9991
2 48919  97.3799 192.4162 0012230 217.4259 215.7282 15.40747710 93218
NUSAT-21 (ELISA)        
1 48920U 21059AT  23055.61428564  .00046568  00000+0  96214-3 0  9994
2 48920  97.3745 193.1129 0011721 222.1626 198.5757 15.45621757 93321
NUSAT-20 (GRACE)        
1 48921U 21059AU  23055.62142451  .00042559  00000+0  94335-3 0  9992
2 48921  97.3862 193.4186 0014123 240.9537 174.8760 15.43531356 93285
PLEIADES NEO 4          
1 49070U 21073E   23055.59079633  .00000601  00000+0  82961-4 0  9996
2 49070  97.8935 131.6953 0001073  77.0345 283.1002 14.81677792 82400
LANDSAT 9               
1 49260U 21088A   23054.78942186  .00000678  00000+0  16040-3 0  9993
2 49260  98.1978 126.5574 0001217  96.1211 264.0126 14.57142111 74881
CSG-2                   
1 51444U 22008A   23055.51164741  .00000772  00000+0  10350-3 0  9991
2 51444  97.8896 240.6003 0001315  86.6887 273.4480 14.82156738 57550
INS-2TD                 
1 51658U 22013C   23055.46312132  .00011580  00000+0  56205-3 0  9995
2 51658  97.5539  67.4582 0011616  51.1064 309.1204 15.18581405 56850
GAOFEN 12-3             
1 52912U 22069A   23055.62916559  .00002537  00000+0  33504-3 0  9990
2 52912  97.9665 306.5927 0002978  83.0588 277.0955 14.80905448 35795
SWOT                    
1 54754U 22173A   23055.25564203  .00136829  00000+0  76186-1 0  9999
2 54754  77.6011 230.2983 0004744 309.6582 223.1483 14.09989003  9823
