SARSAT 7 (NOAA 15)      
1 25338U 98030A   23055.56353730  .00000213  00000+0  10717-3 0  9992
2 25338  98.6201  86.4765 0009283 283.4132  76.6013 14.26250307288955
GPS BIIR-08             
1 27663U 03005A   23055.56277595  .00000017  00000+0  00000+0 0  9999
2 27663  55.3519 263.0391 0132300  43.5883 322.0896  2.00577136147078
GPS BIIR-11             
1 28190U 04009A   23054.68736434 -.00000083  00000+0  00000+0 0  9998
2 28190  55.8359 324.1112 0089456 129.4337 122.5534  2.00571606138687
GPS BIIR-13             
1 28474U 04045A   23055.05552080 -.00000097  00000+0  00000+0 0  9993
2 28474  55.4192  13.3680 0201980 283.8889  84.3249  2.00562500134187
SARSAT 10 (NOAA 18)     
1 28654U 05018A   23055.54116328  .00000246  00000+0  15601-3 0  9991
2 28654  98.9202 130.4415 0013724 342.4892  17.5805 14.12869699915572
GPS BIIR-14M            
1 28874U 05038A   23055.50389269 -.00000084  00000+0  00000+0 0  9993
2 28874  55.8919 321.5227 0138866 278.5638 230.1910  2.00558380127592
METEOSAT-9 (MSG-2)      
1 28912U 05049B   23055.16894138  .00000117  00000+0  00000+0 0  9992
2 28912   6.5896  64.5951 0001824 195.7278   0.0360  1.00276337 62918
GOES 13                 
1 29155U 06018A   23055.43868937  .00000029  00000+0  00000+0 0  9999
2 29155   1.2358  92.4016 0003743 176.5886 104.1610  1.00272660 31251
GPS BIIR-16M            
1 29601U 06052A   23054.86601178  .00000015  00000+0  00000+0 0  9996
2 29601  55.3671 262.0157 0087037  76.4465 284.5468  2.00565776119159
GPS BIIR-17M            
1 32260U 07047A   23055.16763129 -.00000012  00000+0  00000+0 0  9993
2 32260  53.3904 130.1071 0145345  67.3188 294.2669  2.00562207112564
GPS BIIR-18M            
1 32384U 07062A   23055.20789024 -.00000084  00000+0  00000+0 0  9993
2 32384  56.0189 322.3290 0020666 141.7152  16.8094  2.00575231111267
SARSAT 12 (NOAA 19)     
1 33591U 09005A   23055.57166895  .00000202  00000+0  13358-3 0  9993
2 33591  99.1171  99.6182 0013709 196.0389 164.0350 14.12694042724041
GOES 14                 
1 35491U 09033A   23055.45239589 -.00000079  00000+0  00000+0 0  9992
2 35491   0.0723 139.5556 0004173 256.5814 172.7118  1.00275493 49995
GOES 15                 
1 36411U 10008A   23055.52742029  .00000044  00000+0  00000+0 0  9996
2 36411   0.0818  92.9880 0001687  80.2969  42.5797  1.00276598 47548
GPS BIIF-2              
1 37753U 11036A   23055.51690006 -.00000091  00000+0  00000+0 0  9997
2 37753  56.7003  18.9048 0122343  53.0746 115.1032  2.00566856 85035
GSAT0101 (GALILEO-PFM)  
1 37846U 11060A   23053.13730809 -.00000093  00000+0  00000+0 0  9991
2 37846  57.0728  14.5568 0003834 349.6535  10.3167  1.70475862 70477
GSAT0102 (GALILEO-FM2)  
1 37847U 11060B   23053.65233972 -.00000094  00000+0  00000+0 0  9999
2 37847  57.0738  14.5426 0005156 328.8755  33.8915  1.70475206 70499
LUCH 5A                 
1 37951U 11074B   23055.62298987 -.00000058  00000+0  00000+0 0  9996
2 37951   5.6538  93.0241 0002518 249.0833 203.2905  1.00270770 41075
METEOSAT-10 (MSG-3)     
1 38552U 12035B   23055.31785472  .00000050  00000+0  00000+0 0  9999
2 38552   1.9506  52.5671 0001708 269.6807 315.2599  1.00271619 39098
SARSAT 13 (METOP-B)     
1 38771U 12049A   23055.56152329  .00000173  00000+0  99169-4 0  9998
2 38771  98.6945 116.7417 0001204  73.3692  63.9022 14.21490571541559
GPS BIIF-3              
1 38833U 12053A   23055.26763027  .00000033  00000+0  00000+0 0  9998
2 38833  53.5178 193.0435 0135693  50.1684 310.9778  2.00564452 75197
GSAT0103 (GALILEO-FM3)  
1 38857U 12055A   23054.93608096 -.00000012  00000+0  00000+0 0  9991
2 38857  55.2146 134.7824 0004496 255.9635 104.0386  1.70473516 64391
GSAT0104 (GALILEO-FM4)  
1 38858U 12055B   23054.90581365 -.00000012  00000+0  00000+0 0  9998
2 38858  55.2137 134.7848 0002147 238.7380 121.2932  1.70473767 64391
GPS BIIF-4              
1 39166U 13023A   23055.12666741 -.00000078  00000+0  00000+0 0  9996
2 39166  55.5114 317.8113 0112233  39.4084 321.4469  2.00564972 71633
INSAT-3D                
1 39216U 13038B   23055.60327162 -.00000165  00000+0  00000+0 0  9999
2 39216   0.1096 276.6482 0001405  45.5981 131.1705  1.00272518 34951
GPS BIIF-5              
1 39533U 14008A   23054.62994705  .00000033  00000+0  00000+0 0  9996
2 39533  53.6078 198.6037 0062822 210.1896 149.4048  2.00567512 65420
LUCH 5V                 
1 39727U 14023A   23055.53660289 -.00000278  00000+0  00000+0 0  9998
2 39727   2.1085  77.4245 0002534 275.2654  89.3510  1.00271874 32247
GPS BIIF-6              
1 39741U 14026A   23055.40510930 -.00000092  00000+0  00000+0 0  9994
2 39741  56.6571  18.4332 0030856 309.7698  49.9484  2.00570844 64290
GPS BIIF-7              
1 40105U 14045A   23055.49803132 -.00000010  00000+0  00000+0 0  9999
2 40105  54.7530 136.7369 0022582 115.1106 245.1706  2.00564172 61835
GSAT0201 (GALILEO 5)    
1 40128U 14050A   23054.92131394 -.00000102  00000+0  00000+0 0  9993
2 40128  50.0979 322.2557 1612003 133.1104 241.5530  1.85519352 55884
GSAT0202 (GALILEO 6)    
1 40129U 14050B   23055.18140601 -.00000102  00000+0  00000+0 0  9994
2 40129  50.1191 321.3125 1609465 133.9283 240.5342  1.85519928 58025
GPS BIIF-8              
1 40294U 14068A   23055.36977386 -.00000036  00000+0  00000+0 0  9990
2 40294  56.0164  77.9996 0042952  56.2051 304.2525  2.00558779 60966
GLONASS-K 2             
1 40315U 14075A   23055.47343060  .00000060  00000+0  00000+0 0  9996
2 40315  63.6543 232.3547 0017132 203.8125 144.3733  2.13101372 64097
GPS BIIF-9              
1 40534U 15013A   23055.50349770  .00000025  00000+0  00000+0 0  9991
2 40534  53.5580 254.2438 0077679  24.4106 335.9654  2.00566413 58000
GSAT0203 (GALILEO 7)    
1 40544U 15017A   23054.67646984 -.00000096  00000+0  00000+0 0  9999
2 40544  56.8682  14.5140 0004464 282.2883  77.6419  1.70475614 48584
GSAT0204 (GALILEO 8)    
1 40545U 15017B   23054.92977633 -.00000096  00000+0  00000+0 0  9996
2 40545  56.8752  14.5206 0003722 272.3657  87.5722  1.70475457 11639
GPS BIIF-10             
1 40730U 15033A   23055.16461505 -.00000077  00000+0  00000+0 0  9992
2 40730  55.0038 316.5169 0082924  11.1326 349.0958  2.00565042 55740
METEOSAT-11 (MSG-4)     
1 40732U 15034A   23055.10674434 -.00000012  00000+0  00000+0 0  9995
2 40732   0.4717  14.9088 0000258   5.6675 171.9844  1.00269114 27895
GSAT0205 (GALILEO 9)    
1 40889U 15045A   23054.69797639  .00000032  00000+0  00000+0 0  9997
2 40889  55.4674 255.0187 0006360  33.8242 326.2252  1.70473366 46398
GSAT0206 (GALILEO 10)   
1 40890U 15045B   23053.15893602  .00000033  00000+0  00000+0 0  9997
2 40890  55.4691 255.0571 0004426  32.0709 327.9725  1.70473380 46395
GPS BIIF-11             
1 41019U 15062A   23055.21874301 -.00000036  00000+0  00000+0 0  9998
2 41019  56.0022  77.8525 0086090 221.3678 138.0251  2.00562375 53589
ELEKTRO-L 2             
1 41105U 15074A   23053.92896527 -.00000128  00000+0  00000+0 0  9999
2 41105   3.6174  85.2030 0001771 181.1889 206.1231  1.00271828 26387
GSAT0209 (GALILEO 12)   
1 41174U 15079A   23054.50451320 -.00000010  00000+0  00000+0 0  9993
2 41174  55.2307 134.4998 0003515 302.0986  57.9203  1.70474883 44737
GSAT0208 (GALILEO 11)   
1 41175U 15079B   23053.55088656 -.00000006  00000+0  00000+0 0  9991
2 41175  55.2294 134.5244 0003182 296.3077  63.7121  1.70474730 44559
GPS BIIF-12             
1 41328U 16007A   23055.30584991 -.00000007  00000+0  00000+0 0  9992
2 41328  54.9633 137.4767 0068388 232.3453 127.0784  2.00558854 51596
GSAT0211 (GALILEO 14)   
1 41549U 16030A   23055.43094392  .00000034  00000+0  00000+0 0  9997
2 41549  55.6145 254.9538 0004310   7.1432 352.8705  1.70473435 42068
GSAT0210 (GALILEO 13)   
1 41550U 16030B   23048.09700188  .00000073  00000+0  00000+0 0  9993
2 41550  55.6181 255.1578 0002336 348.6104  11.4369  1.70474839 41930
INSAT-3DR               
1 41752U 16054A   23055.58799684 -.00000086  00000+0  00000+0 0  9999
2 41752   0.0158 105.0119 0013118 174.2174 160.6048  1.00272019 23699
GSAT0207 (GALILEO 15)   
1 41859U 16069A   23048.34613383 -.00000012  00000+0  00000+0 0  9999
2 41859  54.8916 134.7902 0004998 282.1688  77.7995  1.70473313 38670
GSAT0212 (GALILEO 16)   
1 41860U 16069B   23055.23930947 -.00000014  00000+0  00000+0 0  9997
2 41860  54.8904 134.5958 0002165 309.4914  50.5412  1.70473606 39047
GSAT0213 (GALILEO 17)   
1 41861U 16069C   23055.60451870 -.00000017  00000+0  00000+0 0  9995
2 41861  54.8927 134.5913 0006652 265.1879  94.7872  1.70473578 38910
GSAT0214 (GALILEO 18)   
1 41862U 16069D   23054.57850799 -.00000011  00000+0  00000+0 0  9998
2 41862  54.8911 134.6141 0003087 259.0812 100.9366  1.70473586 39026
GOES 16                 
1 41866U 16071A   23054.54771597 -.00000259  00000+0  00000+0 0  9994
2 41866   0.0820 279.5108 0000620  76.4108 279.2057  1.00271420 22983
GSAT-17                 
1 42815U 17040B   23053.00466380 -.00000272  00000+0  00000+0 0  9992
2 42815   0.0195 111.9357 0005353 172.2340 322.6257  1.00272035 20727
GSAT0215 (GALILEO 19)   
1 43055U 17079A   23055.06849570  .00000033  00000+0  00000+0 0  9999
2 43055  55.5908 254.7925 0001641   1.0728 358.9353  1.70474167 32373
GSAT0216 (GALILEO 20)   
1 43056U 17079B   23054.77396134  .00000032  00000+0  00000+0 0  9999
2 43056  55.5912 254.8004 0002610 322.9362  37.0541  1.70474262 32385
GSAT0217 (GALILEO 21)   
1 43057U 17079C   23053.23453072  .00000033  00000+0  00000+0 0  9996
2 43057  55.5895 254.8424 0003074 344.0066  15.9992  1.70474137 32345
GSAT0218 (GALILEO 22)   
1 43058U 17079D   23054.62770471  .00000032  00000+0  00000+0 0  9995
2 43058  55.5899 254.8012 0002759 311.2062  48.7787  1.70474232 32391
GOES 17                 
1 43226U 18022A   23055.54717622 -.00000100  00000+0  00000+0 0  9999
2 43226   0.0103  97.5418 0001256 270.9331 237.9697  1.00269919 18308
GSAT0221 (GALILEO 25)   
1 43564U 18060A   23053.93969490 -.00000094  00000+0  00000+0 0  9991
2 43564  57.2498  14.4133 0005251 295.0948  64.8295  1.70475451 28531
GSAT0222 (GALILEO 26)   
1 43565U 18060B   23054.74616862 -.00000095  00000+0  00000+0 0  9995
2 43565  57.2522  14.3923 0005032 302.6372  57.2942  1.70475414 28599
GSAT0219 (GALILEO 23)   
1 43566U 18060C   23054.38010975 -.00000095  00000+0  00000+0 0  9999
2 43566  57.2530  14.4042 0004714 304.3364  55.5984  1.70475456 28568
GSAT0220 (GALILEO 24)   
1 43567U 18060D   23053.42725049 -.00000093  00000+0  00000+0 0  9997
2 43567  57.2518  14.4297 0004797 299.4784  60.4520  1.70475240 28537
BEIDOU-3 M13            
1 43622U 18072A   23054.36129264 -.00000013  00000+0  00000+0 0  9995
2 43622  55.6346 102.9294 0007882 281.6406 157.4816  1.86231433 30126
BEIDOU-3 M14            
1 43623U 18072B   23055.19348700 -.00000023  00000+0  00000+0 0  9997
2 43623  55.6383 102.8953 0005307 299.9999  67.3019  1.86231363 30146
GPS BIII-1              
1 43873U 18109A   23055.59840708 -.00000009  00000+0  00000+0 0  9998
2 43873  55.1415 139.9390 0023596 191.9956 268.9095  2.00559472 30834
METEOR-M2 2             
1 44387U 19038A   23055.66024214  .00000098  00000+0  62530-4 0  9993
2 44387  98.7598  19.8789 0000265 269.6282  90.4857 14.23753326189292
GPS BIII-2              
1 44506U 19056A   23055.32555509 -.00000093  00000+0  00000+0 0  9990
2 44506  55.7765  19.0453 0029943 186.2389 338.5689  2.00561813 25827
BEIDOU-3 M23            
1 44542U 19061A   23055.02520237  .00000047  00000+0  00000+0 0  9991
2 44542  54.5244 223.5724 0008130   3.2159 356.7502  1.86231224 23273
BEIDOU-3 M24            
1 44543U 19061B   23054.66981726  .00000044  00000+0  00000+0 0  9992
2 44543  54.5206 223.5542 0005317   3.8287  29.4898  1.86231688 23267
BEIDOU-3 M21            
1 44793U 19078A   23055.57691972 -.00000112  00000+0  10000-3 0  9991
2 44793  54.8652 341.9279 0007180   7.8367 106.0860  1.86232062 22141
BEIDOU-3 M22            
1 44794U 19078B   23055.25928988 -.00000110  00000+0  00000+0 0  9990
2 44794  54.8390 341.9256 0005228   1.3797 171.7026  1.86232640 22137
ELEKTRO-L 3             
1 44903U 19095A   23055.51854858 -.00000106  00000+0  00000+0 0  9999
2 44903   0.0150 279.3762 0000798  32.6125 104.7718  1.00271100 11571
GPS BIII-3              
1 45854U 20041A   23055.39233444 -.00000038  00000+0  00000+0 0  9990
2 45854  55.7232  76.3129 0030236 186.8704 328.1700  2.00566569 19794
GPS BIII-4              
1 46826U 20078A   23054.66705104  .00000015  00000+0  00000+0 0  9990
2 46826  54.4133 259.8918 0027331 188.0196 139.4141  2.00564065 17244
GSAT0223 (GALILEO 27)   
1 49809U 21116A   23054.45489611 -.00000095  00000+0  00000+0 0  9996
2 49809  57.2444  14.2989 0001795 266.8673  93.9291  1.70475440  7564
GSAT0224 (GALILEO 28)   
1 49810U 21116B   23054.85625672 -.00000095  00000+0  00000+0 0  9991
2 49810  57.2456  14.2862 0001455 284.7867  74.8079  1.70475480  7584
GOES 18                 
1 51850U 22021A   23055.33833093  .00000087  00000+0  00000+0 0  9996
2 51850   0.0030 117.7607 0000298 206.8019 174.1532  1.00272989  3664
