LEMUR-1                 
1 40044U 14033AL  23055.47507324  .00002640  00000+0  38249-3 0  9990
2 40044  97.6605 235.5739 0058532  62.9676 297.7492 14.75708928466636
LEMUR-2-XIAOQING        
1 41871U 16062C   23055.56404730  .00165849  00000+0  16461-2 0  9992
2 41871  51.6267 190.6269 0004099 308.2095  51.8531 15.64706526348956
LEMUR-2-SOKOLSKY        
1 41872U 16062D   23055.60524515  .00154699  00000+0  14934-2 0  9996
2 41872  51.6638 201.4008 0007150 295.7932  64.2325 15.65426769348927
LEMUR-2-ANUBHAVTHAKUR   
1 41873U 16062E   23054.99741706  .00019489  00000+0  60529-3 0  9990
2 41873  51.6777 273.0835 0006860 104.0520 256.1225 15.33346255347844
LEMUR-2-WINGO           
1 41874U 16062F   23055.44185875  .00165740  00000+0  18917-2 0  9996
2 41874  51.6395 205.0461 0005476 351.2428   8.8470 15.61123634348767
LEMUR-2-JOBANPUTRA      
1 41991U 17008AV  23055.11279049  .00066952  00000+0  13384-2 0  9996
2 41991  97.2237 118.0288 0004710  59.6693 300.5022 15.46555771334844
LEMUR-2-SPIRE-MINIONS   
1 41992U 17008AW  23055.13775088  .00129941  00000+0  17901-2 0  9990
2 41992  97.2315 124.5341 0001633  18.8451 341.2865 15.56786397335214
LEMUR-2-SATCHMO         
1 41993U 17008AX  23055.11844828  .00050644  00000+0  11614-2 0  9996
2 41993  97.2203 117.9274 0005548  63.4386 296.7430 15.42563607334835
LEMUR-2-SMITA-SHARAD    
1 41994U 17008AY  23055.42622076  .00086544  00000+0  12990-2 0  9996
2 41994  97.2326 124.4783 0003030  41.2952 318.8531 15.54602506335246
LEMUR-2-RDEATON         
1 41995U 17008AZ  23055.48579440  .00043935  00000+0  10517-2 0  9999
2 41995  97.2282 118.4739 0006295  72.1052 288.0881 15.41300482335567
LEMUR-2-TACHIKOMA       
1 41996U 17008BA  23055.14007049  .00088213  00000+0  14108-2 0  9992
2 41996  97.2389 124.2463 0003029  56.2606 303.8935 15.52838860335053
LEMUR-2-NOGUECORREIG    
1 41997U 17008BB  23055.14598111  .00097468  00000+0  13551-2 0  9991
2 41997  97.2297 125.1088 0002860  51.8828 308.2685 15.56652480335220
LEMUR-2-MIA-GRACE       
1 41998U 17008BC  23055.63189479  .00031745  00000+0  76532-3 0  9994
2 41998  97.2263 118.1061 0006268  73.8875 286.3062 15.41154817334802
LEMUR-2-ANGELA          
1 42752U 17019B   23055.46634981  .00192245  00000+0  15317-2 0  9995
2 42752  51.6225  71.1464 0003664  34.0285 326.0947 15.70033839320282
LEMUR-2-ROBMOORE        
1 42754U 17019D   23055.54220915  .00108881  00000+0  11843-2 0  9997
2 42754  51.6267  76.1131 0002876  11.9265 348.1796 15.62602138320206
LEMUR-2-SHAINAJOHL      
1 42771U 17036G   23055.32820745  .00058757  00000+0  13219-2 0  9993
2 42771  97.1681  95.6255 0010174 127.6462 232.5710 15.43060947315624
LEMUR-2-XUENITERENCE    
1 42772U 17036H   23055.32924376  .00092043  00000+0  16855-2 0  9994
2 42772  97.1498  96.3006 0008777 121.0808 239.1306 15.48960785315720
LEMUR-2-LUCYBRYCE       
1 42773U 17036J   23055.10925812  .00043766  00000+0  11194-2 0  9996
2 42773  97.1727  94.8972 0010518 130.6095 229.6068 15.39247983315504
LEMUR-2-KUNGFOO         
1 42774U 17036K   23055.26627476  .00060084  00000+0  13245-2 0  9990
2 42774  97.1672  96.1170 0009722 125.5152 234.7005 15.43666821315645
LEMUR-2-LYNSEY-SYMO     
1 42779U 17036Q   23055.36035263  .00086033  00000+0  15884-2 0  9996
2 42779  97.1695 101.9471 0009343 129.4833 230.7246 15.48744015315989
LEMUR-2-LISASAURUS      
1 42780U 17036R   23055.41291137  .00063802  00000+0  13323-2 0  9993
2 42780  97.1666  97.6256 0008481 131.4806 228.7173 15.45265292315726
LEMUR-2-SAM-AMELIA      
1 42781U 17036S   23055.63385402  .00016813  00000+0  48719-3 0  9995
2 42781  97.1758  97.2921 0010337 133.9538 226.2561 15.35572366315687
LEMUR-2-MCPEAKE         
1 42782U 17036T   23055.40122895  .00051773  00000+0  11540-2 0  9991
2 42782  97.1679  99.2777 0008632 126.7602 233.4441 15.43385717315833
LEMUR-2-GREENBERG       
1 42837U 17042N   23055.57025891  .00005667  00000+0  51456-3 0  9997
2 42837  97.4017 264.1995 0011139 229.3317 130.6937 14.95595122305923
LEMUR-2-ANDIS           
1 42838U 17042P   23055.56246669  .00005780  00000+0  52436-3 0  9990
2 42838  97.4000 264.1016 0011218 229.1391 130.8859 14.95622970305925
LEMUR-2-MONSON          
1 42839U 17042Q   23055.55507705  .00005400  00000+0  49365-3 0  9997
2 42839  97.4019 263.8160 0010847 229.4629 130.5649 14.95350958305890
LEMUR-2-FURIAUS         
1 42840U 17042R   23055.52050516  .00008681  00000+0  79330-3 0  9998
2 42840  97.4049 264.1325 0011108 229.8343 130.1907 14.95202652305889
LEMUR-2-PETERG          
1 42841U 17042S   23055.56905995  .00003644  00000+0  33415-3 0  9991
2 42841  97.4064 265.4391 0010937 226.0784 133.9536 14.95421465305964
LEMUR-2-DEMBITZ         
1 42842U 17042T   23055.56217921  .00004673  00000+0  42370-3 0  9990
2 42842  97.4044 265.3382 0010826 225.9278 134.1053 14.95736676305976
LEMUR-2-ZACHARY         
1 42845U 17042W   23055.49299888  .00007350  00000+0  64322-3 0  9993
2 42845  97.3924 264.4050 0010891 226.9636 133.0675 14.96949947306021
LEMUR-2-MCCAFFERTY      
1 43123U 18004N   23055.23691467  .00151018  00000+0  17398-2 0  9994
2 43123  97.3453 142.6166 0004013 204.1543 155.9527 15.61458125285411
LEMUR-2-PETERWEBSTER    
1 43124U 18004P   23055.19304549  .00111384  00000+0  15913-2 0  9995
2 43124  97.3506 141.8004 0004885 171.9122 188.2213 15.55854511285350
LEMUR-2-BROWNCOW        
1 43125U 18004Q   23055.18934973  .00220176  00000+0  21561-2 0  9991
2 43125  97.3549 144.8998 0003609 212.5562 147.5476 15.65407277285528
LEMUR-2-DAVEWILSON      
1 43126U 18004R   23055.23361533  .00249812  00000+0  22489-2 0  9992
2 43126  97.3564 145.0200 0004247 194.3532 165.7609 15.67420786285542
LEMUR-2-MARSHALL        
1 43165U 18010C   23055.41510237  .00085393  00000+0  19188-2 0  9993
2 43165  82.9107 184.9517 0017779 152.5290 207.6903 15.42850379283103
LEMUR-2-TALLHAMN-ATC    
1 43167U 18010E   23055.42304510  .00045665  00000+0  13480-2 0  9998
2 43167  82.9162 192.7368 0016958 176.6531 183.4830 15.34635024282625
LEMUR-2-JIN-LUEN        
1 43182U 18014C   23055.25971410  .00008394  00000+0  64705-3 0  9994
2 43182  97.6309 319.3985 0015960 175.9708 184.1648 15.01765234276641
LEMUR-2-URAMCHANSOL     
1 43183U 18014D   23055.24429393  .00008851  00000+0  67363-3 0  9993
2 43183  97.6294 319.7065 0016822 163.1812 196.9974 15.02219714276653
LEMUR-2-KADI            
1 43184U 18014E   23055.50740605  .00009668  00000+0  75043-3 0  9996
2 43184  97.6180 319.6438 0016555 146.8111 213.4155 15.01448862276679
LEMUR-2-THENICKMOLO     
1 43185U 18014F   23055.29958466  .00010128  00000+0  78049-3 0  9991
2 43185  97.6143 319.7790 0010089 148.3632 211.8201 15.01777159276658
LEMUR-2-ZUPANSKI        
1 43695U 18088F   23055.55010632  .00040627  00000+0  98440-3 0  9995
2 43695  85.0256 143.8920 0009993 269.8877  90.1230 15.40857475238520
LEMUR-2-CHANUSIAK       
1 43697U 18088H   23055.36279510  .00070997  00000+0  15278-2 0  9998
2 43697  85.0309 143.7967 0011683 263.0223  96.9703 15.44291433238654
LEMUR-2-CHRISTINAHOLT   
1 43882U 18111G   23055.57085970  .00008908  00000+0  67149-3 0  9997
2 43882  97.6580 324.6558 0010625 154.7115 205.4632 15.02654558227579
LEMUR-2-TINYKEV         
1 43883U 18111H   23055.30769885  .00014270  00000+0  10483-2 0  9990
2 43883  97.6396 324.4350 0011094 148.7208 211.4680 15.03499861227553
LEMUR-2-REMY-COLTON     
1 43884U 18111J   23055.26958154  .00012816  00000+0  95224-3 0  9996
2 43884  97.6541 325.0910 0004022 109.4452 250.7208 15.03138601225577
LEMUR-2-GUSTAVO         
1 43885U 18111K   23055.56312133  .00010860  00000+0  81484-3 0  9991
2 43885  97.6507 324.9167 0017207 158.6575 201.5371 15.02699522227584
LEMUR-2-ZO              
1 43886U 18111L   23055.28076692  .00012363  00000+0  92751-3 0  9997
2 43886  97.6434 324.8274 0015073 173.9610 186.1799 15.02697580227552
LEMUR-2-NATALIEMURRAY   
1 43887U 18111M   23055.28224099  .00012140  00000+0  90573-3 0  9997
2 43887  97.6548 325.3189 0013790 124.0883 236.1653 15.02925638227578
LEMUR-2-SARAHBETTYBOO   
1 43888U 18111N   23055.55456865  .00010816  00000+0  80170-3 0  9996
2 43888  97.6863 326.3421 0012594 205.7546 154.3054 15.03219916227621
LEMUR-2-DAISY-HARPER    
1 43889U 18111P   23055.55014938  .00010420  00000+0  77290-3 0  9998
2 43889  97.6783 326.4257 0010746 200.7274 159.3516 15.03220474227620
LEMUR-2-JOHANLORAN      
1 44084U 19018G   23055.41214152  .00762064  00000+0  26195-2 0  9993
2 44084  97.2726 124.7716 0007272 259.1909 100.8544 15.87824114217773
LEMUR-2-BEAUDACIOUS     
1 44085U 19018H   23055.14102619  .00069708  00000+0  12713-2 0  9994
2 44085  97.2743 119.5638 0007230 280.5605  79.4832 15.49180162217411
LEMUR-2-ELHAM           
1 44086U 19018J   23055.14282206  .00116078  00000+0  15949-2 0  9993
2 44086  97.2847 122.3779 0008579 272.0152  88.0120 15.56869529217577
LEMUR-2-VICTOR-ANDREW   
1 44087U 19018K   23055.13015269  .00309282  00000+0  14187-2 0  9990
2 44087  97.2794 125.2947 0007651 252.4095 107.6339 15.82833372217763
LEMUR-2-LILLYJO         
1 44396U 19038L   23055.47699510  .00024231  00000+0  88484-3 0  9999
2 44396  97.6469  33.7863 0016412 340.7094  19.3522 15.27988135201420
LEMUR-2-WANLI           
1 44402U 19038S   23055.51223736  .00027567  00000+0  99075-3 0  9998
2 44402  97.6454  33.4491 0015427 342.1572  17.9124 15.28499698201400
LEMUR-2-MORAG           
1 44403U 19038T   23055.66640144  .00021025  00000+0  81263-3 0  9994
2 44403  97.6535  34.5112 0016855 339.6221  20.4342 15.26132931201448
LEMUR-2-DUSTINTHEWIND   
1 44405U 19038V   23055.65646944  .00024023  00000+0  90034-3 0  9996
2 44405  97.6499  33.3197 0017209 339.4362  20.6181 15.27120842201416
LEMUR-2-ALEX-MADDY      
1 44407U 19038X   23055.46576512  .00020073  00000+0  85351-3 0  9997
2 44407  97.6593  32.4931 0018005 349.7414  10.3452 15.22918482201266
LEMUR-2-EJATTA          
1 44409U 19038Z   23055.50375413  .00025105  00000+0  92159-3 0  9996
2 44409  97.6479  34.1261 0015796 333.8718  26.1722 15.27817109201467
LEMUR-2-GREGROBINSON    
1 44411U 19038AB  23055.50480468  .00022490  00000+0  79939-3 0  9991
2 44411  97.6483  34.5217 0017715 347.7586  12.3220 15.28869382201090
LEMUR-2-YNDRD           
1 44413U 19038AD  23055.34799877  .00034921  00000+0  14348-2 0  9996
2 44413  97.6547  32.1377 0018524 353.3245   6.7742 15.23948596201252
LEMUR-2-JPGSQUARED      
1 44855U 19089D   23055.23051330  .00021067  00000+0  13407-2 0  9997
2 44855  36.9655  37.8941 0005317 157.4197 202.6782 15.08065347175957
LEMUR-2-HIMOMANDDAD     
1 44860U 19089J   23055.29601968  .00020236  00000+0  12917-2 0  9999
2 44860  36.9660  39.3203 0005152 155.5975 204.5014 15.07965219175828
LEMUR-2-PAPPY           
1 44861U 19089K   23055.31144054  .00017734  00000+0  11557-2 0  9999
2 44861  36.9656  39.4291 0004881 150.7020 209.3998 15.07240856175881
LEMUR-2-THEODOSIA       
1 44863U 19089M   23055.34057498  .00021941  00000+0  13915-2 0  9994
2 44863  36.9652  37.7838 0005543 159.4489 200.6479 15.08180693175812
LEMUR-2-ETHANOAKES      
1 46298U 20061AC  23055.43370447  .00039838  00000+0  14969-2 0  9996
2 46298  97.4207 128.6815 0000713 129.3284 230.8018 15.27060582136807
LEMUR-2-OSCARLATOR      
1 46299U 20061AD  23055.19578396  .00051765  00000+0  18342-2 0  9995
2 46299  97.4213 128.7461 0000488 133.7310 226.3971 15.28927445136811
LEMUR-2-SCHMIDTFALL     
1 46315U 20061AV  23055.18776510  .00053245  00000+0  18501-2 0  9993
2 46315  97.4224 129.4274 0000709  15.1305 344.9957 15.29558871136898
LEMUR-2-DJUPROERA       
1 46316U 20061AW  23055.20197564  .00056501  00000+0  18641-2 0  9996
2 46316  97.4217 129.7910 0000755 339.2453  20.8757 15.31224582136920
LEMUR-2-SQUAREJAWS      
1 46317U 20061AX  23055.54053454  .00042880  00000+0  14509-2 0  9997
2 46317  97.4219 129.9739 0000860 342.9067  17.2144 15.30479496136973
LEMUR-2-URSA-AVION      
1 46318U 20061AY  23055.16623341  .00051409  00000+0  17562-2 0  9993
2 46318  97.4217 129.5466 0000897 354.5732   5.5499 15.30122152136914
LEMUR-2-SLICERS         
1 46500U 20068Q   23055.29175313  .00023782  00000+0  14112-2 0  9999
2 46500  97.7537   2.2915 0014779 145.6238 214.5828 15.11243519132054
LEMUR-2-DAYWZAGOODDAY   
1 46501U 20068R   23055.38380789  .00020037  00000+0  11877-2 0  9990
2 46501  97.7485   2.6977 0012783 150.9718 209.2225 15.11344025132072
LEMUR-2-SUSURRUS        
1 46502U 20068S   23055.35875474  .00019317  00000+0  11505-2 0  9995
2 46502  97.7496   2.3581 0011898 137.1634 223.0523 15.11188918132064
LEMUR-2-NICHOL          
1 46503U 20068T   23055.39897372  .00018841  00000+0  11351-2 0  9991
2 46503  97.7482   2.3152 0011642 154.5673 205.6129 15.10781557132062
LEMUR-2-OZARAK          
1 46908U 20081D   23055.33068730  .00017297  00000+0  11533-2 0  9993
2 46908  36.9020 164.3579 0006937 343.4655  16.5912 15.06387903126093
LEMUR-2-JINDRA          
1 46909U 20081E   23055.66966121  .00019802  00000+0  12777-2 0  9996
2 46909  36.9038 159.6730 0006514 354.1550   5.9119 15.07564601126187
LEMUR-2-WALLACE         
1 46910U 20081F   23055.59380599  .00019044  00000+0  12460-2 0  9996
2 46910  36.9141 160.9168 0006900 349.1488  10.9120 15.07064025126157
LEMUR-2-JEREMIAH        
1 46911U 20081G   23055.66697509  .00021251  00000+0  13996-2 0  9995
2 46911  36.9050 160.6136 0005839 356.6597   3.4063 15.06796260126170
LEMUR-2-NEVA            
1 47450U 21006AP  23055.11751515  .00030043  00000+0  11932-2 0  9997
2 47450  97.4127 116.1725 0010204 121.7733 238.4501 15.25229748115539
LEMUR-2-SAOIRSEDH5GUO   
1 47453U 21006AS  23055.12157489  .00036219  00000+0  13928-2 0  9999
2 47453  97.4134 116.4296 0008618 121.7685 238.4394 15.26280526115530
LEMUR-2-NALLYWACKER     
1 47457U 21006AW  23055.41472876  .00034135  00000+0  13054-2 0  9990
2 47457  97.4107 116.6920 0009482 118.4922 241.7272 15.26470994115595
LEMUR-2-MANGO1          
1 47493U 21006CJ  23055.09960111  .00022828  00000+0  97826-3 0  9994
2 47493  97.4072 114.7470 0009617 125.9315 234.2815 15.22728896115474
LEMUR-2-RUAIRI-EILIDH   
1 47511U 21006DC  23055.39234282  .00026563  00000+0  11026-2 0  9998
2 47511  97.4050 114.7565 0007506 125.9369 234.2565 15.23793423115505
LEMUR-2-JENNIFERSONG    
1 47525U 21006DR  23055.41375539  .00034076  00000+0  13024-2 0  9995
2 47525  97.4067 116.2594 0009635 118.5212 241.6998 15.26489226115594
LEMUR-2-CHANTAL         
1 47529U 21006DV  23055.15501931  .00029112  00000+0  12367-2 0  9991
2 47529  97.4046 114.1240 0007215 131.2208 228.9652 15.22992765116396
LEMUR-2-NOOBNOOB        
1 47538U 21006DY  23055.66895431  .00023133  00000+0  93071-3 0  9997
2 47538  97.4102 116.4845 0009602 122.3514 237.8655 15.24856478115593
LEMUR-2-AMANDA-SVANTE   
1 48269U 21034B   23055.43548971  .00006811  00000+0  71432-3 0  9990
2 48269  97.7192 125.6970 0002270 338.3539  21.7582 14.89844437 99017
LEMUR-2-SPECIAL-K       
1 48273U 21034F   23055.44319993  .00008459  00000+0  88245-3 0  9996
2 48273  97.7187 125.6825 0002468 332.5890  27.5197 14.89984446 99022
LEMUR-2-JACKSON         
1 48885U 21059G   23055.58824710  .00034393  00000+0  13225-2 0  9996
2 48885  97.5722 191.0037 0008474 292.1619  67.8719 15.26296463 92240
LEMUR-2-ANNABANANA      
1 48923U 21059AW  23055.35678749  .00046706  00000+0  16763-2 0  9994
2 48923  97.5662 191.4543 0009499 284.1717  75.8466 15.28494280 92281
LEMUR-2-JOHN-TREIRES    
1 48925U 21059AY  23055.61552101  .00041521  00000+0  14192-2 0  9992
2 48925  97.5794 192.8183 0012002 285.3667  74.6247 15.30092610 92362
LEMUR-2-AC-CUBED        
1 48927U 21059BA  23055.59314208  .00032922  00000+0  12193-2 0  9999
2 48927  97.5768 192.2014 0013745 292.4507  67.5276 15.27495389 92335
LEMUR-2-MERIMA          
1 48929U 21059BC  23055.32553428  .00045034  00000+0  15874-2 0  9998
2 48929  97.5661 192.1184 0014022 293.7011  66.2757 15.29043697 92321
LEMUR-2-CARLSANTAMARI   
1 48959U 21059CJ  23055.28700851  .00073473  00000+0  20953-2 0  9992
2 48959  97.5753 193.7615 0012917 290.2443  69.7411 15.35703908 92414
LEMUR-2-RAMONAMAE       
1 51021U 22002AP  23055.17922945  .00034551  00000+0  14378-2 0  9991
2 51021  97.4561 124.2952 0006426 273.5834  86.4668 15.23659010 61612
LEMUR-2-KING-JULIEN     
1 51022U 22002AQ  23055.14755176  .00032604  00000+0  13731-2 0  9998
2 51022  97.4539 124.0699 0006473 272.4241  87.6254 15.23266550 61602
LEMUR-2-ROHOVITHSA      
1 51036U 22002BE  23055.43658853  .00018299  00000+0  86635-3 0  9997
2 51036  97.4563 123.6865 0007127 279.2032  80.8396 15.19373384 61593
LEMUR-2-MIRIWARI        
1 51054U 22002BY  23055.43896820  .00016806  00000+0  78990-3 0  9992
2 51054  97.4551 123.6415 0006671 273.1492  86.8980 15.19647697 61593
LEMUR-2-DJIRANG         
1 51058U 22002CC  23055.17643270  .00019622  00000+0  92155-3 0  9994
2 51058  97.4528 123.2720 0006450 273.7246  86.3251 15.19641739 61557
LEMUR-2-KRYWE           
1 51100U 22003G   23055.19371205  .00100354  00000+0  11519-2 0  9998
2 51100  44.9785 102.7862 0010603  17.7741 342.3523 15.61010252 62473
LEMUR-2-TENNYSONLILY    
1 52732U 22057A   23055.30367805  .00035617  00000+0  16483-2 0  9997
2 52732  97.5366 172.4273 0006900  34.2682 325.8996 15.20019954 41556
LEMUR-2-VANDENDRIES     
1 52733U 22057B   23055.53646040  .00014360  00000+0  71115-3 0  9990
2 52733  97.5227 172.1683 0006789  39.9552 320.2180 15.17863665 41587
LEMUR-2-KAREN B         
1 52736U 22057E   23055.56181701  .00030475  00000+0  13885-2 0  9998
2 52736  97.5227 172.3828 0005862  17.1451 342.9981 15.20598952 41601
LEMUR-2-HANCOM-1        
1 52740U 22057J   23055.28122112  .00025341  00000+0  12335-2 0  9998
2 52740  97.5409 172.5417 0009506  31.0149 329.1644 15.18323231 41541
LEMUR-2-MIMI1307        
1 52769U 22057AP  23055.28051779  .00008899  00000+0  43118-3 0  9992
2 52769  97.5402 172.9427 0012405   7.2406 352.9005 15.18708166 41575
LEMUR-2-PHILARI         
1 55013U 23001E   23055.12459569  .00019556  00000+0  10842-2 0  9998
2 55013  97.4915 116.3507 0010241  51.4632 308.7515 15.13776431  7940
LEMUR-2-DISCLAIMER      
1 55014U 23001F   23055.12152951  .00019195  00000+0  10597-2 0  9990
2 55014  97.4953 116.3821 0011511  55.8575 304.3747 15.13919669  7948
LEMUR-2-STEVEALBERS     
1 55017U 23001J   23055.38739490  .00018094  00000+0  10050-2 0  9991
2 55017  97.4902 116.6039 0010770  52.3728 307.8480 15.13723309  7987
LEMUR-2-EMMACULATE      
1 55037U 23001AE  23055.40292812  .00020182  00000+0  10654-2 0  9999
2 55037  97.4971 116.7856 0015744  39.3031 320.9341 15.15452087  7998
LEMUR-2-MMOLO           
1 55038U 23001AF  23055.59677134  .00017016  00000+0  89530-3 0  9996
2 55038  97.4988 116.9969 0016313  41.9436 318.3043 15.15597294  8020
LEMUR-2-FUENTETAJA-01   
1 55088U 23001CH  23055.73789637  .00013797  00000+0  73693-3 0  9994
2 55088  97.4999 117.1220 0016162  39.8459 320.3956 15.15113896  8043
