SPACEBEE-7              
1 43816U 18099BL  23055.12873652  .00009789  00000+0  78491-3 0  9992
2 43816  97.5944 122.3376 0015256 118.5763 241.6998 15.00216687230343
SPACEBEE-5              
1 43817U 18099BM  23055.16908279  .00031494  00000+0  19952-2 0  9995
2 43817  97.6041 127.5873 0004972 125.7635 234.4056 15.08874790230600
SPACEBEE-6              
1 43818U 18099BN  23055.17027212  .00013883  00000+0  10451-2 0  9993
2 43818  97.6045 123.9848 0014734 134.3107 225.9329 15.02540841230579
SPACEBEE-21             
1 46300U 20061AE  23055.16074802  .00089790  00000+0  24452-2 0  9996
2 46300  97.4175 130.6382 0001624 257.0698 103.0365 15.37150342136897
SPACEBEE-20             
1 46301U 20061AF  23055.42655980  .00096685  00000+0  26354-2 0  9992
2 46301  97.4222 131.0736 0001711 267.6312  92.4737 15.37091309136932
SPACEBEE-15             
1 46302U 20061AG  23055.50943617  .00126575  00000+0  29141-2 0  9998
2 46302  97.4180 132.0177 0002179 258.8689 101.2313 15.42132940137016
SPACEBEE-19             
1 46303U 20061AH  23055.45310026  .00100911  00000+0  26128-2 0  9993
2 46303  97.4179 131.3560 0001025 258.7856 101.3274 15.38664726136964
SPACEBEE-18             
1 46304U 20061AJ  23055.45500352  .00103223  00000+0  26200-2 0  9997
2 46304  97.4171 131.3273 0001823 258.1972 101.9069 15.39266094136962
SPACEBEE-10             
1 46305U 20061AK  23055.15799406  .00268686  00000+0  37643-2 0  9993
2 46305  97.4145 133.7720 0005136 268.6812  91.3854 15.55837350137093
SPACEBEE-17             
1 46306U 20061AL  23055.44015550  .00123644  00000+0  29174-2 0  9991
2 46306  97.4177 131.8335 0002001 256.7882 103.3141 15.41404151137034
SPACEBEE-11             
1 46307U 20061AM  23055.65140510  .00154908  00000+0  27744-2 0  9998
2 46307  97.4152 133.3960 0003501 257.4136 102.6724 15.49389195137111
SPACEBEE-16             
1 46308U 20061AN  23055.20180963  .00123854  00000+0  28706-2 0  9991
2 46308  97.4165 131.7104 0002437 265.7719  94.3249 15.41942158136961
SPACEBEE-12             
1 46309U 20061AP  23055.17573903  .00160944  00000+0  31658-2 0  9999
2 46309  97.4158 132.4909 0003321 265.0201  95.0669 15.46658609137018
SPACEBEE-13             
1 46310U 20061AQ  23055.17908885  .00153569  00000+0  32209-2 0  9990
2 46310  97.4167 132.1825 0002860 259.9320 100.1606 15.44804323137030
SPACEBEE-14             
1 46311U 20061AR  23055.43565189  .00146850  00000+0  31595-2 0  9998
2 46311  97.4168 132.3089 0002670 262.5024  97.5921 15.44075754137055
SPACEBEENZ-3            
1 46938U 20085K   23055.39071464  .00331130  00000+0  26322-2 0  9991
2 46938  97.4482 204.5744 0012924 271.6018  88.3763 15.70148196126337
SPACEBEENZ-4            
1 46939U 20085L   23055.13778197  .00241421  00000+0  23929-2 0  9994
2 46939  97.4504 203.7041 0012286 267.9341  92.0512 15.64958385126259
SPACEBEENZ-5            
1 46941U 20085N   23054.34604414  .00233084  00000+0  26464-2 0  9992
2 46941  97.4523 202.5005 0012429 269.7776  90.2057 15.61493889126109
SPACEBEENZ-6            
1 46942U 20085P   23055.64903772  .00158784  00000+0  19524-2 0  9998
2 46942  97.4576 203.6004 0012356 263.2058  96.7792 15.59644264126288
SPACEBEENZ-2            
1 46957U 20085AE  23055.39016827  .00482615  00000+0  29384-2 0  9990
2 46957  97.4445 205.1518 0013187 274.6952  85.2807 15.76021137126331
SPACEBEENZ-1            
1 46959U 20085AG  23055.15411089  .00841471  27960-3  32576-2 0  9999
2 46959  97.4414 205.7796 0013633 282.9722  77.0026 15.87086740125879
SPACEBEE-52             
1 47425U 21006N   23055.16154728  .01812259  18215-2  52199-2 0  9995
2 47425  97.3883 125.5482 0007409 285.0982  74.9472 15.93474107117129
SPACEBEE-46             
1 47426U 21006P   23055.42060502  .00221195  00000+0  33478-2 0  9992
2 47426  97.4022 122.8671 0002301 113.8312 246.3183 15.53887723116971
SPACEBEE-47             
1 47427U 21006Q   23055.45448240  .00173716  00000+0  29279-2 0  9994
2 47427  97.4041 122.5308 0003702 115.7902 244.3732 15.51045982115999
SPACEBEE-59             
1 47428U 21006R   23055.41894491  .00163139  00000+0  30003-2 0  9999
2 47428  97.4038 122.1267 0006498 114.3875 245.8054 15.48584423116926
SPACEBEE-62             
1 47429U 21006S   23055.16335893  .00028121  00000+0  11322-2 0  9992
2 47429  97.4040 116.3589 0012178 113.6629 246.5888 15.24765966115584
SPACEBEE-61             
1 47431U 21006U   23055.13860085  .00099044  00000+0  26436-2 0  9992
2 47431  97.4095 118.0196 0003520 138.8276 221.3235 15.37729950116606
SPACEBEE-49             
1 47432U 21006V   23055.40746709  .00094378  00000+0  25422-2 0  9998
2 47432  97.4105 118.1758 0003333 137.7345 222.4157 15.37466824116637
SPACEBEE-60             
1 47433U 21006W   23055.41509940  .00099790  00000+0  26267-2 0  9995
2 47433  97.4107 118.3400 0003248 142.8415 217.3055 15.38158007116649
SPACEBEE-53             
1 47434U 21006X   23055.16465860  .00202167  00000+0  35568-2 0  9998
2 47434  97.4091 119.9637 0002129 196.6575 163.4607 15.49725326116721
SPACEBEE-63             
1 47442U 21006AF  23055.40246127  .00021010  00000+0  95418-3 0  9994
2 47442  97.4075 113.8821 0006485 131.1808 228.9988 15.20783362115419
SPACEBEE-50             
1 47443U 21006AG  23055.10923433  .00094645  00000+0  25837-2 0  9995
2 47443  97.4099 117.9036 0003692 133.1389 227.0164 15.37049379115633
SPACEBEE-51             
1 47444U 21006AH  23055.17538066  .00220538  00000+0  35542-2 0  9993
2 47444  97.3997 119.6646 0003064 160.0441 200.0932 15.52138936115805
SPACEBEE-48             
1 47447U 21006AL  23055.17557640  .00381049  00000+0  41660-2 0  9998
2 47447  97.3949 121.9360 0001896 157.2940 202.8402 15.62074198115966
SPACEBEE-40             
1 47449U 21006AN  23055.17365760  .00201047  00000+0  33575-2 0  9995
2 47449  97.3984 120.5853 0002614 132.3128 227.8346 15.51208464115877
SPACEBEE-41             
1 47451U 21006AQ  23055.40889159  .00166166  00000+0  28200-2 0  9998
2 47451  97.3993 120.7923 0002211 127.0987 233.0467 15.50882122115902
SPACEBEE-42             
1 47455U 21006AU  23055.11678387  .00186632  00000+0  33244-2 0  9993
2 47455  97.3990 120.2887 0003162 130.2479 229.9049 15.49427618115841
SPACEBEE-55             
1 47459U 21006AY  23055.41271594  .00024176  00000+0  10303-2 0  9994
2 47459  97.3999 114.7359 0010800 125.1526 235.0725 15.22892812115526
SPACEBEE-54             
1 47460U 21006AZ  23055.13248390  .00179938  00000+0  32148-2 0  9991
2 47460  97.4002 120.3159 0002607 130.9586 229.1891 15.49367628115845
SPACEBEE-58             
1 47464U 21006BD  23055.12060322  .00187732  00000+0  31513-2 0  9997
2 47464  97.4029 122.2114 0003978 118.4515 241.7138 15.51108787115942
SPACEBEE-57             
1 47465U 21006BE  23055.15387593  .00022752  00000+0  10338-2 0  9995
2 47465  97.4025 113.0294 0005733 135.1894 224.9805 15.20753768115375
SPACEBEE-44             
1 47466U 21006BF  23055.12563485  .00124583  00000+0  28509-2 0  9993
2 47466  97.4020 118.2358 0002905 147.6980 212.4446 15.42322206115704
SPACEBEE-56             
1 47468U 21006BH  23055.15540700  .00111667  00000+0  27277-2 0  9993
2 47468  97.4032 117.9425 0003227 141.5737 218.5740 15.40400016115686
SPACEBEE-45             
1 47470U 21006BK  23055.16634165  .00122291  00000+0  28775-2 0  9995
2 47470  97.4023 118.2299 0003434 141.6631 218.4860 15.41490699115708
SPACEBEE-43             
1 47480U 21006BV  23055.14921575  .00136633  00000+0  30451-2 0  9997
2 47480  97.4015 118.3453 0003124 149.8796 210.2631 15.43065630115713
SPACEBEE-65             
1 48626U 21006ES  23055.60992167  .00165692  00000+0  26360-2 0  9997
2 48626  97.1679 101.8696 0006083  85.6992 274.4956 15.52687738116012
SPACEBEE-64             
1 48627U 21006ET  23055.65918117  .00182151  00000+0  27150-2 0  9993
2 48627  97.1686 102.1025 0004606  79.8139 280.3635 15.54444363116037
SPACEBEE-66             
1 48628U 21006EU  23055.56148724  .00135961  00000+0  23631-2 0  9990
2 48628  97.1692 101.4903 0006623  83.1996 277.0010 15.50301442115981
SPACEBEE-67             
1 48629U 21006EV  23055.55612450  .00128380  00000+0  23153-2 0  9998
2 48629  97.1693 101.3484 0006369  81.8072 278.3902 15.49278259115973
SPACEBEE-68             
1 48630U 21006EW  23055.42452482  .00158411  00000+0  29384-2 0  9993
2 48630  97.1696 101.0771 0007562  84.8893 275.3221 15.48349737115941
SPACEBEE-69             
1 48631U 21006EX  23055.36442350  .00143392  00000+0  27718-2 0  9991
2 48631  97.1701 100.8708 0007948  85.3631 274.8527 15.47210316115920
SPACEBEE-70             
1 48632U 21006EY  23055.10096126  .00144827  00000+0  28727-2 0  9995
2 48632  97.1707 100.4737 0008115  87.6716 272.5463 15.46452463115879
SPACEBEE-71             
1 48633U 21006EZ  23055.56645145  .00101852  00000+0  20852-2 0  9999
2 48633  97.1703 100.7481 0008298  87.4187 272.8012 15.45691861115933
SPACEBEE-72             
1 48634U 21006FA  23055.55504906  .00093374  00000+0  20021-2 0  9995
2 48634  97.1707 100.4786 0008035  83.5302 276.6862 15.44364801115911
SPACEBEE-73             
1 48635U 21006FB  23055.10257000  .00122095  00000+0  26950-2 0  9997
2 48635  97.1712  99.8849 0009045  87.9746 272.2538 15.43378804115831
SPACEBEE-74             
1 48636U 21006FC  23055.06457228  .00102187  00000+0  24009-2 0  9990
2 48636  97.1724  99.4981 0009754  89.7221 270.5144 15.41578696115803
SPACEBEE-75             
1 48637U 21006FD  23055.55469528  .00074065  00000+0  18050-2 0  9993
2 48637  97.1723  99.7436 0010237  87.6418 272.6000 15.40584102115862
SPACEBEENZ-10           
1 48882U 21059D   23055.35610361  .00058118  00000+0  19312-2 0  9997
2 48882  97.5733 191.7548 0008224 294.9986  65.0400 15.30955660 92279
SPACEBEE-100            
1 48883U 21059E   23055.37671734  .00031356  00000+0  13111-2 0  9997
2 48883  97.5787 190.1890 0008032 303.5900  56.4570 15.23509538 92163
SPACEBEE-101            
1 48884U 21059F   23055.35339847  .00030035  00000+0  12708-2 0  9996
2 48884  97.5791 190.0811 0007699 307.3982  52.6553 15.23120242 92150
SPACEBEE-102            
1 48886U 21059H   23055.33932434  .00029069  00000+0  12313-2 0  9994
2 48886  97.5787 190.0974 0007444 306.6880  53.3672 15.23091176 92157
SPACEBEENZ-9            
1 48887U 21059J   23055.29127809  .00060192  00000+0  19987-2 0  9998
2 48887  97.5726 191.6768 0008002 296.0143  64.0273 15.30970237 92264
SPACEBEE-103            
1 48888U 21059K   23055.58968178  .00025451  00000+0  10604-2 0  9999
2 48888  97.5794 190.5495 0008064 303.5697  56.4769 15.23674770 92205
SPACEBEENZ-7            
1 48889U 21059L   23054.90122620  .00061291  00000+0  20212-2 0  9997
2 48889  97.5751 191.5873 0008601 298.1001  61.9369 15.31182768 92213
SPACEBEE-104            
1 48890U 21059M   23055.34257097  .00031431  00000+0  13015-2 0  9991
2 48890  97.5790 190.2200 0007934 307.0379  53.0131 15.23838772 92161
SPACEBEENZ-8            
1 48891U 21059N   23055.32019987  .00058572  00000+0  19519-2 0  9994
2 48891  97.5752 191.9575 0008457 296.1641  63.8729 15.30858616 92275
SPACEBEE-106            
1 48893U 21059Q   23055.34791732  .00029264  00000+0  12311-2 0  9992
2 48893  97.5809 190.3984 0008298 307.3024  52.7455 15.23315939 92169
SPACEBEE-107            
1 48894U 21059R   23055.29400191  .00033425  00000+0  13653-2 0  9997
2 48894  97.5815 190.6375 0008183 305.3567  54.6904 15.24284117 92172
SPACEBEE-108            
1 48895U 21059S   23055.34423924  .00029583  00000+0  12430-2 0  9995
2 48895  97.5807 190.3737 0008385 306.6996  53.3470 15.23354716 92162
SPACEBEE-105            
1 48896U 21059T   23055.37186722  .00031413  00000+0  13049-2 0  9993
2 48896  97.5792 190.1839 0008071 298.8005  61.2421 15.23730143 92168
SPACEBEE-109            
1 48897U 21059U   23055.33054572  .00032402  00000+0  13337-2 0  9996
2 48897  97.5811 190.5503 0008520 303.9420  56.1006 15.24029824 92172
SPACEBEE-110            
1 48899U 21059W   23055.36644464  .00032256  00000+0  13177-2 0  9995
2 48899  97.5817 190.8502 0008634 302.8339  57.2066 15.24283822 92195
SPACEBEE-111            
1 48904U 21059AB  23055.36339200  .00034772  00000+0  13902-2 0  9992
2 48904  97.5823 191.2144 0009265 301.6879  58.3455 15.24986133 92215
SPACEBEE-92             
1 48932U 21059BF  23055.35399660  .00507471  00000+0  38795-2 0  9996
2 48932  97.5488 198.3445 0014834 284.0173  75.9439 15.70559369 92747
SPACEBEE-89             
1 48933U 21059BG  23055.63325004  .01415015  97072-3  42617-2 0  9999
2 48933  97.5400 199.7793 0016115 295.4950  64.4657 15.92197871 92864
SPACEBEE-96             
1 48934U 21059BH  23055.38786863  .00368849  00000+0  37654-2 0  9993
2 48934  97.5529 197.7172 0016805 285.0042  74.9356 15.63740756 92708
SPACEBEE-99             
1 48936U 21059BK  23055.35840716  .00260778  00000+0  35609-2 0  9990
2 48936  97.5560 197.0224 0015100 282.8614  77.0953 15.56457648 92651
SPACEBEE-94             
1 48937U 21059BL  23055.38225414  .00632585  00000+0  48425-2 0  9995
2 48937  97.5485 198.1206 0017654 287.7753  72.1582 15.70120923 92736
SPACEBEE-93             
1 48939U 21059BN  23055.33529952  .01931539  23252-2  44718-2 0  9996
2 48939  97.5387 199.4060 0019127 296.8325  63.0995 15.97392662 92810
SPACEBEE-91             
1 48940U 21059BP  23055.69499875  .01077239  00000+0  41450-2 0  9998
2 48940  97.5431 199.5534 0015360 292.5979  67.3665 15.84646250 92858
SPACEBEE-95             
1 48945U 21059BU  23055.33433905  .00493988  00000+0  41263-2 0  9990
2 48945  97.5520 198.2529 0013889 280.7828  79.1869 15.68452131 92737
SPACEBEE-97             
1 48946U 21059BV  23055.69114253  .00236188  00000+0  29773-2 0  9991
2 48946  97.5546 197.6274 0014454 283.1415  76.8227 15.58697406 92720
SPACEBEE-90             
1 48947U 21059BW  23055.37265230  .01351461  82527-3  48404-2 0  9992
2 48947  97.5411 199.3600 0017056 295.9323  64.0191 15.88714798 92810
SPACEBEE-98             
1 48949U 21059BY  23055.61243351  .00242798  00000+0  30682-2 0  9993
2 48949  97.5617 197.6997 0015389 281.1882  78.7643 15.58594038 92717
SPACEBEE-121            
1 52009U 22026B   23055.51352793  .00023916  00000+0  10035-2 0  9999
2 52009  97.5087  58.3870 0026346 114.1813 246.2182 15.23153922 52437
SPACEBEE-114            
1 52010U 22026C   23055.53913010  .00026080  00000+0  10816-2 0  9990
2 52010  97.5113  58.6055 0025561 115.1253 245.2640 15.23549055 52450
SPACEBEE-126            
1 52011U 22026D   23055.54504798  .00026617  00000+0  11035-2 0  9991
2 52011  97.5099  58.5344 0025965 112.9331 247.4650 15.23546203 52440
SPACEBEE-118            
1 52012U 22026E   23055.46381153  .00026938  00000+0  11039-2 0  9991
2 52012  97.5104  58.6749 0024853 116.5049 243.8741 15.23961747 52455
SPACEBEE-120            
1 52013U 22026F   23055.50769972  .00025998  00000+0  10738-2 0  9996
2 52013  97.5094  58.5775 0026837 111.1856 249.2252 15.23656834 52447
SPACEBEE-122            
1 52014U 22026G   23055.49425307  .00026964  00000+0  11084-2 0  9995
2 52014  97.5093  58.5990 0025574 113.1246 247.2690 15.23841093 52445
SPACEBEE-119            
1 52015U 22026H   23055.50832246  .00024542  00000+0  10281-2 0  9990
2 52015  97.5102  58.4728 0026514 114.4952 245.9053 15.23200229 52435
SPACEBEE-115            
1 52016U 22026J   23055.45955830  .00029239  00000+0  12174-2 0  9991
2 52016  97.5112  58.5535 0026169 114.1304 246.2673 15.23377222 52438
SPACEBEENZ-14           
1 52018U 22026L   23055.48948776  .00035128  00000+0  13368-2 0  9997
2 52018  97.5087  59.0782 0025221 111.6491 248.7437 15.26368022 52478
SPACEBEENZ-11           
1 52019U 22026M   23055.44016146  .00047027  00000+0  17500-2 0  9994
2 52019  97.5083  59.1370 0025029 111.1199 249.2719 15.27044555 52433
SPACEBEE-127            
1 52020U 22026N   23055.48696350  .00023612  00000+0  99238-3 0  9994
2 52020  97.5098  58.4637 0026138 113.9631 246.4346 15.23106638 52388
SPACEBEE-125            
1 52021U 22026P   23055.49722876  .00028087  00000+0  11454-2 0  9993
2 52021  97.5097  58.7210 0027296 113.3424 247.0689 15.24056421 52324
SPACEBEE-117            
1 52022U 22026Q   23055.53850994  .00023428  00000+0  97999-3 0  9995
2 52022  97.5113  58.6016 0026231 113.7873 246.6118 15.23266255 52315
SPACEBEE-116            
1 52023U 22026R   23055.51508742  .00023409  00000+0  97472-3 0  9990
2 52023  97.5108  58.6371 0025992 113.9748 246.4214 15.23426499 52313
SPACEBEE-113            
1 52024U 22026S   23055.55966145  .00025869  00000+0  10651-2 0  9995
2 52024  97.5106  58.7106 0027570 110.8329 249.5865 15.23745314 52321
SPACEBEE-112            
1 52025U 22026T   23055.47567334  .00036604  00000+0  14558-2 0  9993
2 52025  97.5103  58.8148 0025701 112.7239 247.6719 15.24878651 52320
SPACEBEENZ-13           
1 52026U 22026U   23055.47562310  .00043213  00000+0  16325-2 0  9991
2 52026  97.5084  59.0907 0025205 111.8039 248.5884 15.26562438 52252
SPACEBEE-123            
1 52027U 22026V   23055.75673562  .00025178  00000+0  10528-2 0  9994
2 52027  97.5092  58.6971 0026159 113.2474 247.1521 15.23265568 52250
SPACEBEENZ-12           
1 52028U 22026W   23055.54114004  .00033933  00000+0  13185-2 0  9993
2 52028  97.5125  59.0795 0025661 111.9697 248.4272 15.25673741 52341
SPACEBEE-124            
1 52029U 22026X   23055.50406015  .00024783  00000+0  10384-2 0  9997
2 52029  97.5091  58.4151 0026188 114.1646 246.2333 15.23199092 50934
SPACEBEE-136            
1 52164U 22033H   23055.17186040  .00052480  00000+0  15378-2 0  9994
2 52164  97.3559 138.6153 0007902 209.0198 151.0607 15.35001164 50104
SPACEBEE-138            
1 52166U 22033K   23055.64970185  .00042167  00000+0  12424-2 0  9999
2 52166  97.3580 139.1381 0008893 198.7885 161.3032 15.34873740 50175
SPACEBEE-130            
1 52176U 22033V   23055.23040544  .00055368  00000+0  16142-2 0  9990
2 52176  97.3569 138.7260 0006362 205.5773 154.5156 15.35157623 50117
SPACEBEE-139            
1 52177U 22033W   23055.22560914  .00052199  00000+0  15719-2 0  9996
2 52177  97.3589 138.5039 0008628 206.1420 153.9389 15.34133993 50096
SPACEBEE-129            
1 52179U 22033Y   23055.18438263  .00050937  00000+0  15533-2 0  9996
2 52179  97.3570 138.3444 0007573 208.9351 151.1473 15.33749937 50080
SPACEBEE-134            
1 52180U 22033Z   23055.17901278  .00049782  00000+0  15422-2 0  9991
2 52180  97.3558 138.1792 0007831 209.0413 151.0395 15.33252043 50078
SPACEBEE-131            
1 52181U 22033AA  23055.68810764  .00035970  00000+0  10990-2 0  9996
2 52181  97.3575 138.9004 0007690 208.1219 151.9609 15.33769950 50144
SPACEBEE-128            
1 52182U 22033AB  23055.70039749  .00039815  00000+0  12115-2 0  9999
2 52182  97.3598 138.9601 0007935 207.4670 152.6154 15.33875764 50142
SPACEBEE-133            
1 52183U 22033AC  23055.42084269  .00048010  00000+0  14608-2 0  9992
2 52183  97.3577 138.6544 0007710 208.1876 151.8951 15.33834516 50113
SPACEBEE-132            
1 52185U 22033AE  23055.21869987  .00054244  00000+0  16033-2 0  9999
2 52185  97.3579 138.6412 0007442 220.3867 139.6824 15.34723196 50103
SPACEBEE-137            
1 52186U 22033AF  23055.17866479  .00050748  00000+0  15461-2 0  9997
2 52186  97.3577 138.3806 0007880 208.9086 151.1721 15.33777889 50086
SPACEBEE-135            
1 52187U 22033AG  23055.47946936  .00051063  00000+0  15103-2 0  9992
2 52187  97.3587 138.9285 0007292 205.2864 154.8024 15.34718525 50142
SPACEBEE-143            
1 52394U 22047A   23055.18630478  .00027105  00000+0  12538-2 0  9995
2 52394  97.4293 140.1126 0007351  23.9934 336.1642 15.20091896 46488
SPACEBEENZ-15           
1 52395U 22047B   23055.17966661  .00038696  00000+0  16495-2 0  9994
2 52395  97.4287 140.5639 0006796  17.2643 342.8824 15.22814870 46517
SPACEBEENZ-16           
1 52396U 22047C   23055.51169299  .00031614  00000+0  13513-2 0  9996
2 52396  97.4286 140.8842 0006818  16.7994 343.3467 15.22767512 46568
SPACEBEENZ-17           
1 52397U 22047D   23055.51920094  .00031397  00000+0  13458-2 0  9991
2 52397  97.4285 140.8762 0006810  16.3422 343.8033 15.22673875 46565
SPACEBEENZ-18           
1 52398U 22047E   23055.19284337  .00037227  00000+0  15958-2 0  9994
2 52398  97.4284 140.5474 0006828  17.2010 342.9457 15.22632961 46510
SPACEBEE-140            
1 52399U 22047F   23055.48430451  .00028761  00000+0  12856-2 0  9994
2 52399  97.4291 140.6283 0007117  19.9587 340.1926 15.21259599 46565
SPACEBEE-141            
1 52400U 22047G   23055.22882496  .00026225  00000+0  12089-2 0  9990
2 52400  97.4296 140.2092 0007419  22.4194 337.7364 15.20218251 46494
SPACEBEE-142            
1 52401U 22047H   23055.19040923  .00027005  00000+0  12533-2 0  9999
2 52401  97.4289 140.0978 0007385  22.7416 337.4145 15.19978386 46483
SPACEBEENZ-20           
1 52402U 22047J   23055.20648391  .00037348  00000+0  16049-2 0  9992
2 52402  97.4277 140.5032 0007511  21.8079 338.3476 15.22545212 46516
SPACEBEENZ-22           
1 52403U 22047K   23055.16791382  .00032011  00000+0  13942-2 0  9998
2 52403  97.4282 140.4047 0007705  22.3921 337.7650 15.22120087 46500
SPACEBEENZ-19           
1 52404U 22047L   23055.46210274  .00036808  00000+0  15761-2 0  9997
2 52404  97.4279 140.7772 0007473  20.6846 339.4692 15.22669216 46556
SPACEBEENZ-21           
1 52405U 22047M   23055.21329007  .00035309  00000+0  15227-2 0  9998
2 52405  97.4283 140.4980 0007512  22.5180 337.6385 15.22436903 46516
SPACEBEE-148            
1 52406U 22047N   23055.17283447  .00031194  00000+0  13991-2 0  9995
2 52406  97.4286 140.2556 0007854  23.4641 336.6952 15.21120529 46497
SPACEBEE-149            
1 52407U 22047P   23055.18520926  .00028072  00000+0  12904-2 0  9997
2 52407  97.4289 140.0798 0008034  24.4909 335.6706 15.20296795 46489
SPACEBEE-153            
1 52408U 22047Q   23055.20350026  .00027513  00000+0  12544-2 0  9992
2 52408  97.4317 140.3291 0008125  36.2631 323.9153 15.20582431 46499
SPACEBEE-150            
1 52409U 22047R   23055.18844500  .00026874  00000+0  12443-2 0  9992
2 52409  97.4287 140.0848 0008009  26.1617 334.0022 15.20056539 46486
SPACEBEE-144            
1 52410U 22047S   23055.51703511  .00021058  00000+0  97741-3 0  9991
2 52410  97.4292 140.4346 0007361  24.2257 335.9322 15.20026628 46535
SPACEBEE-145            
1 52411U 22047T   23055.19566515  .00026339  00000+0  12208-2 0  9998
2 52411  97.4292 140.0955 0007409  25.0640 335.0953 15.20029200 46480
SPACEBEE-146            
1 52412U 22047U   23055.21690739  .00026876  00000+0  12440-2 0  9992
2 52412  97.4290 140.0548 0007466  27.0972 333.0651 15.20071850 46481
SPACEBEE-151            
1 52413U 22047V   23055.20134869  .00026190  00000+0  12165-2 0  9992
2 52413  97.4286 140.0636 0008025  27.4146 332.7511 15.19952404 46486
SPACEBEE-152            
1 52414U 22047W   23055.48438255  .00024244  00000+0  11306-2 0  9993
2 52414  97.4280 140.2874 0007944  27.0073 333.1574 15.19831068 46522
SPACEBEE-147            
1 52415U 22047X   23055.47742094  .00023506  00000+0  10965-2 0  9992
2 52415  97.4292 140.3360 0007338  27.3074 332.8545 15.19832117 46528
SPACEBEE-155            
1 52416U 22047Y   23055.48097017  .00023318  00000+0  11064-2 0  9994
2 52416  97.4269 140.1167 0008460  31.2014 328.9722 15.19235765 46519
SPACEBEE-154            
1 52417U 22047Z   23055.23158732  .00025414  00000+0  11877-2 0  9991
2 52417  97.4287 140.0219 0008053  29.4559 330.7129 15.19747294 46481
SPACEBEE-167            
1 55087U 23001CG  23055.73685437  .00013080  00000+0  69840-3 0  9990
2 55087  97.4932 117.0820 0016212  38.6479 321.5910 15.15138260  8044
SPACEBEE-163            
1 55089U 23001CJ  23055.73374463  .00015841  00000+0  84112-3 0  9992
2 55089  97.4929 117.0838 0015701  37.9316 322.3019 15.15299829  8043
SPACEBEE-164            
1 55091U 23001CL  23055.13844234  .00016867  00000+0  89553-3 0  9990
2 55091  97.4933 116.4995 0016644  40.3535 319.8928 15.15274203  7954
SPACEBEE-166            
1 55092U 23001CM  23055.13360437  .00019491  00000+0  10264-2 0  9997
2 55092  97.4932 116.5064 0018405  40.5317 319.7282 15.15506627  7959
SPACEBEE-165            
1 55094U 23001CP  23055.39959081  .00017969  00000+0  95072-3 0  9995
2 55094  97.4927 116.7614 0015643  38.7679 321.4673 15.15398413  7999
SPACEBEE-162            
1 55095U 23001CQ  23055.66444109  .00014257  00000+0  75591-3 0  9997
2 55095  97.4929 117.0228 0016670  37.3350 322.9037 15.15360390  8038
SPACEBEE-161            
1 55096U 23001CR  23055.39975230  .00017758  00000+0  93974-3 0  9996
2 55096  97.4926 116.7631 0016723  38.0895 322.1516 15.15377388  7994
SPACEBEE-160            
1 55097U 23001CS  23055.66286585  .00014513  00000+0  76796-3 0  9994
2 55097  97.4930 117.0249 0016869  37.5372 322.7035 15.15425026  8035
SPACEBEE-156            
1 55099U 23001CU  23055.66269348  .00014666  00000+0  77587-3 0  9992
2 55099  97.4927 117.0250 0016765  37.2662 322.9730 15.15430994  8033
SPACEBEE-158            
1 55100U 23001CV  23055.13456821  .00017252  00000+0  91212-3 0  9996
2 55100  97.4927 116.5009 0017497  39.7404 320.5107 15.15405807  7953
SPACEBEE-159            
1 55101U 23001CW  23055.65811031  .00015680  00000+0  82407-3 0  9991
2 55101  97.4932 117.0308 0018249  37.8789 322.3724 15.15626923  8038
SPACEBEE-157            
1 55102U 23001CX  23055.39462067  .00020386  00000+0  10696-2 0  9993
2 55102  97.4926 116.7680 0016368  40.3395 319.9048 15.15656513  7996
