TDRS 3                  
1 19548U 88091B   23055.31970528 -.00000306  00000+0  00000+0 0  9991
2 19548  13.5287 349.3863 0040108 335.6631 255.1339  1.00272700113261
HST                     
1 20580U 90037B   23055.70661986  .00004737  00000+0  25775-3 0  9991
2 20580  28.4699 295.8440 0002210 249.1278 151.7240 15.12080804604677
TDRS 5                  
1 21639U 91054B   23055.27601685  .00000076  00000+0  00000+0 0  9991
2 21639  14.2164   2.6971 0028056 352.4890  90.3391  1.00272739115595
TDRS 6                  
1 22314U 93003B   23055.62879691 -.00000303  00000+0  00000+0 0  9995
2 22314  14.1452   5.9592 0007614 127.3066 201.2639  1.00279543110280
TDRS 7                  
1 23613U 95035B   23054.87896448 -.00000209  00000+0  00000+0 0  9995
2 23613  13.8797 356.6781 0026691  49.8721 148.1713  1.00270978101026
ISS (ZARYA)             
1 25544U 98067A   23055.76102899  .00017033  00000+0  31328-3 0  9990
2 25544  51.6390 165.4065 0005379  24.5892 135.6596 15.49298512384351
LANDSAT 7               
1 25682U 99020A   23055.52845159  .00000752  00000+0  16604-3 0  9990
2 25682  97.9467  98.6348 0001558  78.6918 281.4449 14.59945045269345
TERRA                   
1 25994U 99068A   23055.53874699  .00000680  00000+0  15422-3 0  9997
2 25994  98.1073 126.6606 0002738  77.7696  34.2992 14.59053512233235
TDRS 8                  
1 26388U 00034A   23055.46451736 -.00000243  00000+0  00000+0 0  9993
2 26388  10.7654  40.7916 0022476 333.4292  36.4138  1.00269485 83063
TIMED                   
1 26998U 01055B   23055.41398019  .00002120  00000+0  22760-3 0  9999
2 26998  74.0727 137.5047 0002639 293.0548  67.0355 14.89289464150503
TDRS 9                  
1 27389U 02011A   23055.58873755 -.00000181  00000+0  00000+0 0  9995
2 27389   9.5675  58.1440 0002607  28.5903  33.5433  0.98981050 78328
AQUA                    
1 27424U 02022A   23055.53104476  .00001437  00000+0  32482-3 0  9996
2 27424  98.2761   0.4380 0001650 103.6731  19.8640 14.57729367106941
TDRS 10                 
1 27566U 02055A   23055.33695352  .00000078  00000+0  00000+0 0  9992
2 27566   8.6650  48.5071 0008023 319.2964  96.2699  1.00269434 74118
SORCE                   
1 27651U 03004A   23055.56340100  .00003522  00000+0  36228-3 0  9997
2 27651  39.9936 248.8972 0020131  85.6775 274.6314 14.91049568 90695
AURA                    
1 28376U 04026A   23055.51445510  .00001424  00000+0  32576-3 0  9994
2 28376  98.2381   0.5795 0001615  91.7244 268.4140 14.57149415989939
SWIFT                   
1 28485U 04047A   23055.13947511  .00008437  00000+0  49114-3 0  9991
2 28485  20.5581 341.0065 0009992 255.6696 104.2629 15.08863127  1508
THEMIS A                
1 30580U 07004A   23054.85501157 -.00000484  00000+0  47145-1 0  9991
2 30580  11.9897 316.9777 8353045 219.5378 278.3965  0.87832686 55330
THEMIS D                
1 30797U 07004D   23054.85722222 -.00000486  00000+0  00000+0 0  9998
2 30797   8.0918 304.3177 8303983 235.4882 284.0501  0.87771995 54861
THEMIS E                
1 30798U 07004E   23054.85937500 -.00000472  00000+0  00000+0 0  9991
2 30798   9.2790 321.7515 8302872 219.8847 285.8042  0.87830678 55285
AIM                     
1 31304U 07015A   23055.38121205  .00025215  00000+0  10338-2 0  9992
2 31304  97.8647 349.9948 0002646 177.1982 182.9269 15.24248948869460
FGRST (GLAST)           
1 33053U 08029A   23054.91513739  .00003561  00000+0  17823-3 0  9993
2 33053  25.5818 251.4022 0011250 214.5540 145.4265 15.13252235811816
WISE                    
1 36119U 09071A   23055.09173847  .00015492  00000+0  41530-3 0  9997
2 36119  97.2119  89.6927 0003854 108.2036 251.9629 15.38064087734114
TDRS 11                 
1 39070U 13004A   23055.64575503  .00000071  00000+0  00000+0 0  9993
2 39070   2.7535 354.0708 0005004  37.9647 180.3124  1.00267589 36865
TDRS 12                 
1 39504U 14004A   23055.62899212 -.00000277  00000+0  00000+0 0  9999
2 39504   3.6771 352.2031 0001512 109.1769 238.1338  1.00278838 32151
GPM-CORE                
1 39574U 14009C   23055.57812254  .00017737  00000+0  24846-3 0  9992
2 39574  64.9973  50.0794 0008099 269.0345  90.9874 15.56866856510838
MMS 1                   
1 40482U 15011A   23052.74436679 -.00002177  00000+0  00000+0 0  9990
2 40482  29.1463  81.6819 9019175  78.4410  88.2892  0.28586584 14013
MMS 2                   
1 40483U 15011B   23052.74714457 -.00002176  00000+0  00000+0 0  9993
2 40483  29.1131  81.5138 9016492  78.6139  88.5695  0.28584508 14072
MMS 3                   
1 40484U 15011C   23052.74992235 -.00002177  00000+0  00000+0 0  9997
2 40484  29.1418  81.6884 9018522  78.4305  88.8800  0.28586635 13757
MMS 4                   
1 40485U 15011D   23052.75964457 -.00002176  00000+0  00000+0 0  9993
2 40485  29.1356  81.5838 9018084  78.5181  89.8790  0.28585114 13966
TDRS 13                 
1 42915U 17047A   23055.47410421 -.00000109  00000+0  00000+0 0  9997
2 42915   4.1385 336.2943 0014745 106.0156 230.7928  1.00272626 20250
JPSS-1                  
1 43013U 17073A   23055.62849726  .00000135  00000+0  85030-4 0  9996
2 43013  98.7430 355.5327 0001536  76.2991 283.8356 14.19529247273004
