NOAA 15                 
1 25338U 98030A   23055.56353730  .00000213  00000+0  10717-3 0  9992
2 25338  98.6201  86.4765 0009283 283.4132  76.6013 14.26250307288955
DMSP 5D-3 F15 (USA 147) 
1 25991U 99067A   23055.57839356  .00000272  00000+0  15921-3 0  9999
2 25991  99.0696  56.6819 0009887 188.8215 335.7211 14.16661168199468
DMSP 5D-3 F16 (USA 172) 
1 28054U 03048A   23055.57721612  .00000204  00000+0  13209-3 0  9993
2 28054  99.0085  52.9312 0006815 332.9043 191.8717 14.13754612998653
NOAA 18                 
1 28654U 05018A   23055.54116328  .00000246  00000+0  15601-3 0  9991
2 28654  98.9202 130.4415 0013724 342.4892  17.5805 14.12869699915572
METEOSAT-9 (MSG-2)      
1 28912U 05049B   23055.16894138  .00000117  00000+0  00000+0 0  9992
2 28912   6.5896  64.5951 0001824 195.7278   0.0360  1.00276337 62918
EWS-G1 (GOES 13)        
1 29155U 06018A   23055.43868937  .00000029  00000+0  00000+0 0  9999
2 29155   1.2358  92.4016 0003743 176.5886 104.1610  1.00272660 31251
DMSP 5D-3 F17 (USA 191) 
1 29522U 06050A   23055.52899627  .00000208  00000+0  13174-3 0  9992
2 29522  98.7601  70.7506 0008794 262.5255  97.4919 14.14190118841533
FENGYUN 3A              
1 32958U 08026A   23055.45082371  .00000231  00000+0  13141-3 0  9996
2 32958  98.5406  13.2588 0009200  21.9980 338.1590 14.18809783764069
FENGYUN 2E              
1 33463U 08066A   23055.51577435 -.00000213  00000+0  00000+0 0  9996
2 33463   6.4652  63.7640 0002174 318.9823  43.6550  1.00273000 51976
NOAA 19                 
1 33591U 09005A   23055.57166895  .00000202  00000+0  13358-3 0  9993
2 33591  99.1171  99.6182 0013709 196.0389 164.0350 14.12694042724041
GOES 14                 
1 35491U 09033A   23055.45239589 -.00000079  00000+0  00000+0 0  9992
2 35491   0.0723 139.5556 0004173 256.5814 172.7118  1.00275493 49995
METEOR-M 1              
1 35865U 09049A   23055.51240510  .00000241  00000+0  12713-3 0  9995
2 35865  98.5657  23.3183 0001832 183.2577 176.8590 14.22430831697372
DMSP 5D-3 F18 (USA 210) 
1 35951U 09057A   23055.67200988  .00000375  00000+0  22145-3 0  9990
2 35951  98.7558  34.2579 0012281  88.4708 271.7871 14.13666947688749
GOES 15                 
1 36411U 10008A   23055.52742029  .00000044  00000+0  00000+0 0  9996
2 36411   0.0818  92.9880 0001687  80.2969  42.5797  1.00276598 47548
COMS 1                  
1 36744U 10032A   23055.61087384 -.00000354  00000+0  00000+0 0  9993
2 36744   1.7040  90.7107 0000897 250.1745 161.3884  1.00270785 38978
FENGYUN 3B              
1 37214U 10059A   23055.63521948  .00000185  00000+0  12102-3 0  9997
2 37214  99.0908  71.0617 0022321   6.3890 353.7556 14.14301206636609
SUOMI NPP               
1 37849U 11061A   23055.54538000  .00000156  00000+0  94967-4 0  9990
2 37849  98.7592 355.9006 0000868  75.8933  34.1026 14.19554611586965
FENGYUN 2F              
1 38049U 12002A   23055.47480128 -.00000367  00000+0  00000+0 0  9993
2 38049   4.4096  77.6802 0000739 193.9056 165.3674  1.00278929 40757
METEOSAT-10 (MSG-3)     
1 38552U 12035B   23055.31785472  .00000050  00000+0  00000+0 0  9999
2 38552   1.9506  52.5671 0001708 269.6807 315.2599  1.00271619 39098
METOP-B                 
1 38771U 12049A   23055.56152329  .00000173  00000+0  99169-4 0  9998
2 38771  98.6945 116.7417 0001204  73.3692  63.9022 14.21490571541559
FENGYUN 3C              
1 39260U 13052A   23055.61031670  .00000175  00000+0  10970-3 0  9992
2 39260  98.4367  75.6946 0010010 267.9254  92.0766 14.15994639487609
METEOR-M 2              
1 40069U 14037A   23055.66193707  .00000091  00000+0  61406-4 0  9998
2 40069  98.4262  66.8481 0005051 318.8652  41.2134 14.20748003447671
HIMAWARI-8              
1 40267U 14060A   23055.53035531 -.00000286  00000+0  00000+0 0  9995
2 40267   0.0397 274.1771 0001147  69.8481 141.6347  1.00267951 30648
FENGYUN 2G              
1 40367U 14090A   23055.53660289 -.00000311  00000+0  00000+0 0  9992
2 40367   2.5694  86.8926 0000859 158.1025 201.5738  1.00282973 29875
METEOSAT-11 (MSG-4)     
1 40732U 15034A   23055.10674434 -.00000012  00000+0  00000+0 0  9995
2 40732   0.4717  14.9088 0000258   5.6675 171.9844  1.00269114 27895
ELEKTRO-L 2             
1 41105U 15074A   23053.92896527 -.00000128  00000+0  00000+0 0  9999
2 41105   3.6174  85.2030 0001771 181.1889 206.1231  1.00271828 26387
HIMAWARI-9              
1 41836U 16064A   23055.62366743 -.00000285  00000+0  00000+0 0  9995
2 41836   0.0196 110.2713 0001370 247.1699 162.0700  1.00268777 23182
GOES 16                 
1 41866U 16071A   23054.54771597 -.00000259  00000+0  00000+0 0  9994
2 41866   0.0820 279.5108 0000620  76.4108 279.2057  1.00271420 22983
FENGYUN 4A              
1 41882U 16077A   23055.01785601 -.00000341  00000+0  00000+0 0  9994
2 41882   0.1589  83.2519 0004820 348.0678 193.3559  1.00273263 22852
CYGFM05                 
1 41884U 16078A   23055.40918249  .00007080  00000+0  33602-3 0  9990
2 41884  34.9560  70.6544 0015115 192.7029 167.3304 15.18464261343072
CYGFM04                 
1 41885U 16078B   23054.71263556  .00007131  00000+0  33301-3 0  9991
2 41885  34.9490  62.7858 0013818 205.7627 154.2398 15.19034379343029
CYGFM02                 
1 41886U 16078C   23055.28845246  .00006983  00000+0  32559-3 0  9995
2 41886  34.9587  61.4727 0014535 204.3149 155.6879 15.19084618343197
CYGFM01                 
1 41887U 16078D   23055.44419132  .00006750  00000+0  32232-3 0  9995
2 41887  34.9530  73.2458 0015531 191.7951 168.2399 15.18256623343020
CYGFM08                 
1 41888U 16078E   23055.41356222  .00007271  00000+0  34193-3 0  9990
2 41888  34.9502  64.8545 0014916 204.6936 155.3063 15.18774939343161
CYGFM07                 
1 41890U 16078G   23055.06393572  .00007725  00000+0  35915-3 0  9990
2 41890  34.9523  60.3817 0013388 206.4240 153.5791 15.19177244343086
CYGFM03                 
1 41891U 16078H   23055.06340254  .00007632  00000+0  35650-3 0  9993
2 41891  34.9552  60.9319 0012808 204.8347 155.1750 15.19026162343072
FENGYUN 3D              
1 43010U 17072A   23055.68260004  .00000202  00000+0  11803-3 0  9995
2 43010  98.8474   4.3914 0000499 294.6309  65.4807 14.19150070273545
NOAA 20                 
1 43013U 17073A   23055.62849726  .00000135  00000+0  85030-4 0  9996
2 43013  98.7430 355.5327 0001536  76.2991 283.8356 14.19529247273004
GOES 17                 
1 43226U 18022A   23055.54717622 -.00000100  00000+0  00000+0 0  9999
2 43226   0.0103  97.5418 0001256 270.9331 237.9697  1.00269919 18308
FENGYUN 2H              
1 43491U 18050A   23055.60327162 -.00000138  00000+0  00000+0 0  9998
2 43491   1.7889  92.8244 0001839  66.7147 291.1142  1.00269484 17391
METOP-C                 
1 43689U 18087A   23055.57136740  .00000163  00000+0  94601-4 0  9995
2 43689  98.6990 116.8309 0003572  46.5778 313.5696 14.21494437223127
GEO-KOMPSAT-2A          
1 43823U 18100A   23055.61087355 -.00000353  00000+0  00000+0 0  9990
2 43823   0.0260   9.0039 0000928  30.5127 102.8223  1.00273864 15508
METEOR-M2 2             
1 44387U 19038A   23055.66024214  .00000098  00000+0  62530-4 0  9993
2 44387  98.7598  19.8789 0000265 269.6282  90.4857 14.23753326189292
FENGYUN 3E              
1 49008U 21062A   23055.67207419  .00000079  00000+0  58127-4 0  9995
2 49008  98.7202  58.7432 0001830  16.0850 344.0374 14.19762288 85109
GOES 18                 
1 51850U 22021A   23055.33833093  .00000087  00000+0  00000+0 0  9996
2 51850   0.0030 117.7607 0000298 206.8019 174.1532  1.00272989  3664
NOAA 21 (JPSS-2)        
1 54234U 22150A   23055.50499599  .00000188  00000+0  10963-3 0  9991
2 54234  98.7069 355.2809 0001242  78.3898 281.7418 14.19549003 15062
METEOSAT-12             
1 54743U 22170C   23055.47410421 -.00000042  00000+0  00000+0 0  9998
2 54743   0.8359 300.9429 0002607 110.4720 269.7082  1.00271459   853
