TERRA                   
1 25994U 99068A   23055.53874699  .00000680  00000+0  15422-3 0  9997
2 25994  98.1073 126.6606 0002738  77.7696  34.2992 14.59053512233235
AQUA                    
1 27424U 02022A   23055.53104476  .00001437  00000+0  32482-3 0  9996
2 27424  98.2761   0.4380 0001650 103.6731  19.8640 14.57729367106941
SUOMI NPP               
1 37849U 11061A   23055.54538000  .00000156  00000+0  94967-4 0  9990
2 37849  98.7592 355.9006 0000868  75.8933  34.1026 14.19554611586965
METEOSAT-10 (MSG-3)     
1 38552U 12035B   23055.31785472  .00000050  00000+0  00000+0 0  9999
2 38552   1.9506  52.5671 0001708 269.6807 315.2599  1.00271619 39098
METOP-B                 
1 38771U 12049A   23055.56152329  .00000173  00000+0  99169-4 0  9998
2 38771  98.6945 116.7417 0001204  73.3692  63.9022 14.21490571541559
LANDSAT 8               
1 39084U 13008A   23055.51031185  .00000581  00000+0  13884-3 0  9995
2 39084  98.1927 127.2274 0001000 104.2022 255.9287 14.57140576533705
HIMAWARI-8              
1 40267U 14060A   23055.53035531 -.00000286  00000+0  00000+0 0  9995
2 40267   0.0397 274.1771 0001147  69.8481 141.6347  1.00267951 30648
SENTINEL-2A             
1 40697U 15028A   23055.50119808 -.00000571  00000+0 -20110-3 0  9990
2 40697  98.5659 131.6196 0000995  73.9756 286.1580 14.30811179400893
METEOSAT-11 (MSG-4)     
1 40732U 15034A   23055.10674434 -.00000012  00000+0  00000+0 0  9995
2 40732   0.4717  14.9088 0000258   5.6675 171.9844  1.00269114 27895
SENTINEL-3A             
1 41335U 16011A   23055.52805572  .00000179  00000+0  92067-4 0  9998
2 41335  98.6202 124.1857 0001078  95.6893 264.4411 14.26738402365710
GOES 16                 
1 41866U 16071A   23054.54771597 -.00000259  00000+0  00000+0 0  9994
2 41866   0.0820 279.5108 0000620  76.4108 279.2057  1.00271420 22983
SENTINEL-2B             
1 42063U 17013A   23055.46626047 -.00000499  00000+0 -17370-3 0  9991
2 42063  98.5695 131.5930 0000816  90.5612 269.5698 14.30808975311802
FENGYUN 3D              
1 43010U 17072A   23055.68260004  .00000202  00000+0  11803-3 0  9995
2 43010  98.8474   4.3914 0000499 294.6309  65.4807 14.19150070273545
NOAA 20                 
1 43013U 17073A   23055.62849726  .00000135  00000+0  85030-4 0  9996
2 43013  98.7430 355.5327 0001536  76.2991 283.8356 14.19529247273004
GOES 17                 
1 43226U 18022A   23055.54717622 -.00000100  00000+0  00000+0 0  9999
2 43226   0.0103  97.5418 0001256 270.9331 237.9697  1.00269919 18308
SENTINEL-3B             
1 43437U 18039A   23055.15025071  .00000215  00000+0  10703-3 0  9999
2 43437  98.6259 123.8535 0000813 124.4689 235.6569 14.26736529251723
METOP-C                 
1 43689U 18087A   23055.57136740  .00000163  00000+0  94601-4 0  9995
2 43689  98.6990 116.8309 0003572  46.5778 313.5696 14.21494437223127
